1.01875	-0.392613	-0.392678	-0.392699	-0.3927	-0.386048	-0.392613	-0.392554	-0.377372	0.07206
1.04375	-0.392661	-0.39269	-0.3927	-0.3927	-0.389722	-0.392659	-0.392632	-0.385788	0.035036
1.06875	-0.392688	-0.392697	-0.3927	-0.3927	-0.391817	-0.392694	-0.392688	-0.390865	0.000119
1.09375	-0.392708	-0.392703	-0.3927	-0.3927	-0.393375	-0.392727	-0.392742	-0.394926	-0.038413
1.11875	-0.392723	-0.392708	-0.3927	-0.3927	-0.39457	-0.392756	-0.392787	-0.398183	-0.071257
1.14375	-0.392735	-0.392711	-0.3927	-0.3927	-0.395542	-0.392777	-0.392821	-0.400933	-0.098021
1.16875	-0.392805	-0.392731	-0.392701	-0.3927	-0.401787	-0.392863	-0.392966	-0.419485	-0.190416
1.19375	-0.393708	-0.392941	-0.392703	-0.3927	-0.481555	-0.393481	-0.394073	-0.619595	-0.315365
1.21875	-0.396554	-0.393529	-0.392706	-0.3927	-0.6774	-0.394793	-0.396526	-0.948709	-0.36099
1.24375	-0.39872	-0.393959	-0.392708	-0.3927	-0.797221	-0.395664	-0.398177	-1.10925	-0.383405
1.26875	-0.397964	-0.393819	-0.392707	-0.3927	-0.769856	-0.395435	-0.397727	-1.1016	-0.391681
1.29375	-0.395364	-0.393289	-0.392705	-0.3927	-0.597421	-0.394298	-0.395586	-0.831304	-0.384634
1.31875	-0.393859	-0.392959	-0.392702	-0.3927	-0.48003	-0.393439	-0.39402	-0.576907	-0.282464
1.34375	-0.393228	-0.39282	-0.392701	-0.3927	-0.433071	-0.393071	-0.393353	-0.48041	-0.175743
1.36875	-0.392944	-0.392757	-0.392701	-0.3927	-0.411328	-0.392898	-0.393042	-0.433882	-0.126875
1.39375	-0.392815	-0.392728	-0.3927	-0.3927	-0.401559	-0.392807	-0.392881	-0.41285	-0.082709
1.41875	-0.392752	-0.392713	-0.3927	-0.3927	-0.396691	-0.392751	-0.392786	-0.401871	-0.042383
1.44375	-0.392718	-0.392704	-0.3927	-0.3927	-0.3941	-0.392713	-0.392723	-0.395736	-0.006299
1.46875	-0.392695	-0.392697	-0.3927	-0.3927	-0.392295	-0.392678	-0.392666	-0.391117	0.033721
1.49375	-0.392678	-0.392692	-0.3927	-0.3927	-0.390906	-0.392646	-0.392615	-0.387376	0.070513
1.51875	-0.392664	-0.392688	-0.392699	-0.3927	-0.389785	-0.392622	-0.392577	-0.384223	0.100418
1.54375	-0.392571	-0.392662	-0.392699	-0.3927	-0.381431	-0.392513	-0.392393	-0.359446	0.205099
1.56875	-0.391486	-0.392414	-0.392697	-0.3927	-0.287129	-0.391807	-0.391122	-0.130806	0.321579
1.59375	-0.388544	-0.39181	-0.392694	-0.3927	-0.090696	-0.390484	-0.388641	0.186545	0.363891
1.61875	-0.386613	-0.391427	-0.392692	-0.3927	0.016363	-0.389705	-0.387165	0.331457	0.384601
1.64375	-0.387663	-0.391625	-0.392692	-0.3927	-0.027847	-0.390051	-0.387837	0.302342	0.391974
1.66875	-0.390254	-0.392158	-0.392695	-0.3927	-0.204973	-0.391216	-0.390025	0.011399	0.380926
1.69375	-0.391626	-0.39246	-0.392697	-0.3927	-0.311689	-0.392011	-0.391472	-0.221808	0.267844
1.71875	-0.392212	-0.392588	-0.392698	-0.3927	-0.355389	-0.392352	-0.392089	-0.311388	0.169867
1.74375	-0.392473	-0.392646	-0.392699	-0.3927	-0.375345	-0.392511	-0.392376	-0.354219	0.123398
1.76875	-0.392591	-0.392673	-0.392699	-0.3927	-0.384342	-0.392594	-0.392522	-0.37357	0.083877
1.79375	-0.39265	-0.392687	-0.392699	-0.3927	-0.388845	-0.392647	-0.392612	-0.383745	0.045805
1.81875	-0.392681	-0.392695	-0.3927	-0.3927	-0.391269	-0.392684	-0.392672	-0.3895	0.010961
1.84375	-0.392702	-0.392701	-0.3927	-0.3927	-0.392934	-0.392717	-0.392726	-0.393752	-0.026608
1.86875	-0.392719	-0.392706	-0.3927	-0.3927	-0.394255	-0.392749	-0.392776	-0.397313	-0.062583
1.89375	-0.392731	-0.39271	-0.3927	-0.3927	-0.395202	-0.39277	-0.39281	-0.399956	-0.088731
1.91875	-0.392762	-0.392719	-0.3927	-0.3927	-0.397944	-0.392815	-0.392885	-0.408039	-0.14799
1.94375	-0.39323	-0.392834	-0.392702	-0.3927	-0.440504	-0.393193	-0.39355	-0.524941	-0.289125
1.96875	-0.39559	-0.393335	-0.392705	-0.3927	-0.618499	-0.394388	-0.395761	-0.864768	-0.350517
1.99375	-0.398325	-0.39388	-0.392707	-0.3927	-0.77469	-0.3955	-0.397869	-1.0769	-0.378632
2.01875	-0.398516	-0.393925	-0.392708	-0.3927	-0.796568	-0.395632	-0.398107	-1.12695	-0.390139
2.04375	-0.396128	-0.39345	-0.392706	-0.3927	-0.654426	-0.39467	-0.39628	-0.937455	-0.390626
2.06875	-0.394171	-0.393028	-0.392703	-0.3927	-0.503708	-0.393627	-0.394361	-0.628612	-0.326488
2.09375	-0.393373	-0.392852	-0.392702	-0.3927	-0.44401	-0.393154	-0.393504	-0.502859	-0.197586
2.11875	-0.393006	-0.392771	-0.392701	-0.3927	-0.416042	-0.392938	-0.393112	-0.444001	-0.140339
2.14375	-0.392845	-0.392735	-0.392701	-0.3927	-0.40384	-0.39283	-0.392921	-0.417818	-0.095943
2.16875	-0.392766	-0.392716	-0.3927	-0.3927	-0.397824	-0.392765	-0.392809	-0.404464	-0.053885
2.19375	-0.392727	-0.392706	-0.3927	-0.3927	-0.394755	-0.392724	-0.39274	-0.397324	-0.017282
2.21875	-0.392702	-0.392699	-0.3927	-0.3927	-0.392805	-0.392689	-0.392684	-0.392454	0.021027
2.24375	-0.392682	-0.392693	-0.3927	-0.3927	-0.391266	-0.392654	-0.392629	-0.388356	0.060926
2.26875	-0.392669	-0.392689	-0.392699	-0.3927	-0.390195	-0.39263	-0.39259	-0.3854	0.089532
2.29375	-0.392628	-0.392677	-0.392699	-0.3927	-0.386609	-0.392574	-0.392496	-0.374814	0.159749
2.31875	-0.39204	-0.392536	-0.392697	-0.3927	-0.333409	-0.392124	-0.3917	-0.232527	0.29852
2.34375	-0.389495	-0.392	-0.392694	-0.3927	-0.146994	-0.390877	-0.389384	0.108737	0.353975
2.36875	-0.386916	-0.391488	-0.392692	-0.3927	-0.002009	-0.389835	-0.38741	0.303456	0.380291
2.39375	-0.387036	-0.391503	-0.392692	-0.3927	0.004355	-0.38982	-0.387394	0.335966	0.3907
2.41875	-0.389533	-0.392004	-0.392694	-0.3927	-0.149975	-0.390852	-0.38935	0.118371	0.389336
2.44375	-0.39134	-0.392396	-0.392697	-0.3927	-0.290219	-0.391839	-0.391161	-0.175702	0.312711
2.46875	-0.392078	-0.392559	-0.392698	-0.3927	-0.345204	-0.392274	-0.391948	-0.290314	0.189734
2.49375	-0.392415	-0.392633	-0.392699	-0.3927	-0.371012	-0.392475	-0.392311	-0.34496	0.136264
2.51875	-0.392564	-0.392667	-0.392699	-0.3927	-0.382243	-0.392573	-0.392485	-0.368999	0.095635
2.54375	-0.392636	-0.392684	-0.392699	-0.3927	-0.387788	-0.392634	-0.392589	-0.381321	0.056984
2.56875	-0.392673	-0.392693	-0.3927	-0.3927	-0.390659	-0.392674	-0.392656	-0.388016	0.021453
2.59375	-0.392696	-0.3927	-0.3927	-0.3927	-0.392466	-0.392707	-0.39271	-0.392529	-0.014733
2.61875	-0.392714	-0.392705	-0.3927	-0.3927	-0.393898	-0.39274	-0.392762	-0.396339	-0.052762
2.64375	-0.392727	-0.392709	-0.3927	-0.3927	-0.39493	-0.392764	-0.392801	-0.399188	-0.081202
2.66875	-0.392744	-0.392714	-0.3927	-0.3927	-0.39638	-0.392791	-0.392845	-0.403391	-0.118712
2.69375	-0.392957	-0.39277	-0.392701	-0.3927	-0.415838	-0.392999	-0.393203	-0.460007	-0.250902
2.71875	-0.394667	-0.393146	-0.392704	-0.3927	-0.555542	-0.39397	-0.394978	-0.762758	-0.337741
2.74375	-0.397677	-0.393752	-0.392707	-0.3927	-0.739859	-0.395243	-0.39738	-1.03105	-0.372074
2.76875	-0.398799	-0.393978	-0.392708	-0.3927	-0.806608	-0.395719	-0.398276	-1.13034	-0.387772
2.79375	-0.396965	-0.393621	-0.392707	-0.3927	-0.711309	-0.395039	-0.396974	-1.02743	-0.392248
2.81875	-0.394592	-0.393121	-0.392704	-0.3927	-0.536698	-0.393877	-0.394813	-0.702641	-0.361411
2.84375	-0.393554	-0.392892	-0.392702	-0.3927	-0.457482	-0.393259	-0.393694	-0.530194	-0.228122
2.86875	-0.393086	-0.392789	-0.392701	-0.3927	-0.422189	-0.392987	-0.393201	-0.457319	-0.154344
2.89375	-0.392882	-0.392743	-0.392701	-0.3927	-0.406646	-0.392857	-0.392968	-0.42387	-0.10932
2.91875	-0.392785	-0.392721	-0.3927	-0.3927	-0.399222	-0.392781	-0.392837	-0.407644	-0.066008
2.94375	-0.392736	-0.392709	-0.3927	-0.3927	-0.395506	-0.392735	-0.392759	-0.399112	-0.028077
2.96875	-0.392708	-0.392701	-0.3927	-0.3927	-0.393342	-0.392699	-0.392701	-0.393839	0.008741
2.99375	-0.392687	-0.392695	-0.3927	-0.3927	-0.391682	-0.392664	-0.392644	-0.389481	0.049813
3.01875	-0.392673	-0.39269	-0.392699	-0.3927	-0.390504	-0.392636	-0.3926	-0.386268	0.081221
3.04375	-0.392652	-0.392684	-0.392699	-0.3927	-0.388704	-0.392603	-0.392546	-0.381046	0.125555
3.06875	-0.392373	-0.392613	-0.392698	-0.3927	-0.363221	-0.392348	-0.392103	-0.307971	0.264127
3.09375	-0.390445	-0.392194	-0.392695	-0.3927	-0.209432	-0.391296	-0.390171	0.012149	0.342
3.11875	-0.387487	-0.391601	-0.392692	-0.3927	-0.032913	-0.390064	-0.387843	0.262084	0.374323
3.14375	-0.386661	-0.391432	-0.392691	-0.3927	0.019697	-0.389697	-0.387155	0.345936	0.388592
3.16875	-0.388708	-0.391834	-0.392693	-0.3927	-0.09194	-0.390477	-0.388646	0.215603	0.391987
3.19375	-0.390959	-0.392312	-0.392696	-0.3927	-0.260671	-0.391611	-0.390747	-0.109558	0.351593
3.21875	-0.391909	-0.392522	-0.392698	-0.3927	-0.332603	-0.392177	-0.391772	-0.264718	0.217026
3.24375	-0.392342	-0.392617	-0.392699	-0.3927	-0.365393	-0.392429	-0.392229	-0.332807	0.149749
3.26875	-0.39253	-0.392659	-0.392699	-0.3927	-0.379661	-0.392549	-0.392443	-0.363442	0.107413
3.29375	-0.392619	-0.39268	-0.392699	-0.3927	-0.386493	-0.392618	-0.392563	-0.378378	0.068538
3.31875	-0.392664	-0.392691	-0.3927	-0.3927	-0.389956	-0.392663	-0.392638	-0.386341	0.031875
3.34375	-0.39269	-0.392698	-0.3927	-0.3927	-0.391972	-0.392697	-0.392693	-0.391259	-0.00323
3.36875	-0.39271	-0.392704	-0.3927	-0.3927	-0.393501	-0.39273	-0.392747	-0.395265	-0.041855
3.39375	-0.392724	-0.392708	-0.3927	-0.3927	-0.394657	-0.392758	-0.392791	-0.398425	-0.073658
3.41875	-0.392736	-0.392712	-0.3927	-0.3927	-0.395677	-0.392779	-0.392825	-0.401326	-0.101614
3.44375	-0.392827	-0.392737	-0.392701	-0.3927	-0.403807	-0.392885	-0.393004	-0.425462	-0.204554
3.46875	-0.393897	-0.392982	-0.392703	-0.3927	-0.496946	-0.393584	-0.394262	-0.65189	-0.321387
3.49375	-0.396833	-0.393585	-0.392706	-0.3927	-0.693416	-0.394906	-0.396741	-0.970237	-0.363786
3.51875	-0.398783	-0.393972	-0.392708	-0.3927	-0.801466	-0.395693	-0.398231	-1.11633	-0.384562
3.54375	-0.397755	-0.393778	-0.392707	-0.3927	-0.758561	-0.395356	-0.397576	-1.08892	-0.391977
3.56875	-0.395162	-0.393246	-0.392704	-0.3927	-0.581696	-0.394192	-0.395391	-0.799419	-0.381263
3.59375	-0.39378	-0.392941	-0.392702	-0.3927	-0.474178	-0.393392	-0.393935	-0.564569	-0.268959
3.61875	-0.393191	-0.392812	-0.392701	-0.3927	-0.430237	-0.393049	-0.393313	-0.474487	-0.17029
3.64375	-0.392928	-0.392754	-0.392701	-0.3927	-0.410123	-0.392888	-0.393023	-0.431312	-0.122826
3.66875	-0.392807	-0.392726	-0.3927	-0.3927	-0.400961	-0.3928	-0.39287	-0.411533	-0.078782
3.69375	-0.392748	-0.392712	-0.3927	-0.3927	-0.396392	-0.392747	-0.392779	-0.401181	-0.039028
3.71875	-0.392716	-0.392703	-0.3927	-0.3927	-0.393918	-0.39271	-0.392718	-0.395285	-0.002918
3.74375	-0.392693	-0.392697	-0.3927	-0.3927	-0.392148	-0.392675	-0.392661	-0.390727	0.037527
3.76875	-0.392676	-0.392692	-0.392699	-0.3927	-0.390809	-0.392643	-0.392611	-0.387108	0.073113
3.79375	-0.392662	-0.392687	-0.392699	-0.3927	-0.389615	-0.392619	-0.392572	-0.383729	0.104757
3.81875	-0.392542	-0.392655	-0.392699	-0.3927	-0.378738	-0.392485	-0.392345	-0.351557	0.219384
3.84375	-0.391275	-0.392368	-0.392696	-0.3927	-0.270469	-0.391697	-0.390918	-0.097578	0.326975
3.86875	-0.388276	-0.391757	-0.392693	-0.3927	-0.075683	-0.390376	-0.388437	0.206373	0.366541
3.89375	-0.386579	-0.391419	-0.392692	-0.3927	0.019291	-0.389686	-0.387131	0.337159	0.385656
3.91875	-0.387889	-0.391669	-0.392693	-0.3927	-0.040682	-0.390138	-0.388004	0.28684	0.392177
3.94375	-0.390441	-0.392198	-0.392695	-0.3927	-0.219654	-0.391317	-0.39021	-0.019402	0.376401
3.96875	-0.391699	-0.392476	-0.392698	-0.3927	-0.317077	-0.392055	-0.39155	-0.233003	0.254768
3.99375	-0.392246	-0.392596	-0.392699	-0.3927	-0.358007	-0.392372	-0.392126	-0.316922	0.164804
4.01875	-0.392487	-0.392649	-0.392699	-0.3927	-0.376456	-0.39252	-0.392393	-0.356586	0.119621
4.04375	-0.392598	-0.392675	-0.392699	-0.3927	-0.384892	-0.3926	-0.392532	-0.374785	0.080329
4.06875	-0.392653	-0.392688	-0.392699	-0.3927	-0.389125	-0.392651	-0.392618	-0.384393	0.042532
4.09375	-0.392683	-0.392696	-0.3927	-0.3927	-0.391439	-0.392687	-0.392677	-0.38992	0.007755
4.11875	-0.392704	-0.392702	-0.3927	-0.3927	-0.393069	-0.39272	-0.392731	-0.39411	-0.030183
4.14375	-0.39272	-0.392707	-0.3927	-0.3927	-0.394353	-0.392751	-0.39278	-0.397585	-0.065302
4.16875	-0.392732	-0.392711	-0.3927	-0.3927	-0.395292	-0.392772	-0.392813	-0.400212	-0.091215
4.19375	-0.392771	-0.392722	-0.3927	-0.3927	-0.398754	-0.392826	-0.392903	-0.410456	-0.159575
4.21875	-0.393349	-0.392861	-0.392702	-0.3927	-0.451059	-0.39327	-0.393688	-0.550657	-0.298175
4.24375	-0.39588	-0.393394	-0.392705	-0.3927	-0.636903	-0.394512	-0.395996	-0.891968	-0.353862
4.26875	-0.398472	-0.393909	-0.392708	-0.3927	-0.78277	-0.39556	-0.397981	-1.08799	-0.380233
4.29375	-0.398376	-0.393899	-0.392708	-0.3927	-0.790343	-0.395584	-0.398014	-1.12189	-0.390688
4.31875	-0.395887	-0.3934	-0.392706	-0.3927	-0.636878	-0.394557	-0.396067	-0.906411	-0.389466
4.34375	-0.394068	-0.393005	-0.392703	-0.3927	-0.495805	-0.393565	-0.394248	-0.611073	-0.313803
4.36875	-0.393326	-0.392842	-0.392702	-0.3927	-0.440479	-0.393127	-0.393455	-0.495666	-0.190305
4.39375	-0.392986	-0.392767	-0.392701	-0.3927	-0.4145	-0.392925	-0.393089	-0.440677	-0.136288
4.41875	-0.392835	-0.392733	-0.3927	-0.3927	-0.403106	-0.392823	-0.392908	-0.416226	-0.091956
4.44375	-0.392762	-0.392715	-0.3927	-0.3927	-0.39746	-0.392761	-0.392802	-0.403632	-0.050376
4.46875	-0.392724	-0.392706	-0.3927	-0.3927	-0.39455	-0.39272	-0.392735	-0.396831	-0.014023
4.49375	-0.3927	-0.392699	-0.3927	-0.3927	-0.392649	-0.392685	-0.392678	-0.392048	0.024813
4.51875	-0.392681	-0.392693	-0.3927	-0.3927	-0.391152	-0.392651	-0.392624	-0.388046	0.063964
4.54375	-0.392668	-0.392689	-0.392699	-0.3927	-0.390089	-0.392628	-0.392586	-0.385099	0.092378
4.56875	-0.392616	-0.392674	-0.392699	-0.3927	-0.385514	-0.39256	-0.392473	-0.371552	0.172582
4.59375	-0.391898	-0.392504	-0.392697	-0.3927	-0.321196	-0.392038	-0.391544	-0.204141	0.306444
4.61875	-0.389204	-0.391942	-0.392694	-0.3927	-0.12921	-0.390755	-0.389153	0.134057	0.357136
4.64375	-0.386795	-0.391464	-0.392692	-0.3927	0.004854	-0.389786	-0.387316	0.313263	0.381733
4.66875	-0.387201	-0.391535	-0.392692	-0.3927	-0.003532	-0.389878	-0.387507	0.328611	0.391171
4.69375	-0.389764	-0.392053	-0.392694	-0.3927	-0.167217	-0.390965	-0.389559	0.086318	0.387648
4.71875	-0.391434	-0.392417	-0.392697	-0.3927	-0.297334	-0.391896	-0.391263	-0.191249	0.299424
4.74375	-0.392121	-0.392568	-0.392698	-0.3927	-0.348501	-0.3923	-0.391994	-0.297072	0.183179
4.76875	-0.392434	-0.392637	-0.392699	-0.3927	-0.372426	-0.392486	-0.392332	-0.347992	0.132362
4.79375	-0.392572	-0.392669	-0.392699	-0.3927	-0.382918	-0.39258	-0.392497	-0.370461	0.092119
4.81875	-0.39264	-0.392685	-0.392699	-0.3927	-0.388127	-0.392638	-0.392596	-0.382096	0.053588
4.84375	-0.392676	-0.392694	-0.3927	-0.3927	-0.39085	-0.392677	-0.392661	-0.388478	0.018327
4.86875	-0.392698	-0.3927	-0.3927	-0.3927	-0.392609	-0.39271	-0.392714	-0.3929	-0.018271
4.89375	-0.392716	-0.392706	-0.3927	-0.3927	-0.394009	-0.392743	-0.392767	-0.396642	-0.05583
4.91875	-0.392728	-0.39271	-0.3927	-0.3927	-0.39501	-0.392766	-0.392803	-0.399412	-0.083406
4.94375	-0.392748	-0.392716	-0.3927	-0.3927	-0.396718	-0.392797	-0.392854	-0.404393	-0.125997
4.96875	-0.393021	-0.392785	-0.392701	-0.3927	-0.42166	-0.393048	-0.39329	-0.476018	-0.263574
4.99375	-0.394932	-0.393201	-0.392704	-0.3927	-0.574396	-0.394094	-0.39521	-0.794944	-0.341872
5.01875	-0.397895	-0.393795	-0.392707	-0.3927	-0.751563	-0.395329	-0.397544	-1.04628	-0.374238
5.04375	-0.398745	-0.393968	-0.392708	-0.3927	-0.805272	-0.395704	-0.398248	-1.13133	-0.388568
5.06875	-0.396713	-0.39357	-0.392706	-0.3927	-0.694864	-0.394932	-0.396771	-1.00314	-0.392031
5.09375	-0.394451	-0.39309	-0.392703	-0.3927	-0.525605	-0.393795	-0.394664	-0.677811	-0.352414
5.11875	-0.393495	-0.392879	-0.392702	-0.3927	-0.453146	-0.393225	-0.393632	-0.52139	-0.217837
5.14375	-0.39306	-0.392783	-0.392701	-0.3927	-0.420165	-0.392971	-0.393172	-0.452934	-0.150016
5.16875	-0.39287	-0.392741	-0.392701	-0.3927	-0.405741	-0.392848	-0.392953	-0.421924	-0.105291
5.19375	-0.392779	-0.392719	-0.3927	-0.3927	-0.39877	-0.392776	-0.392829	-0.40662	-0.062299
5.21875	-0.392733	-0.392708	-0.3927	-0.3927	-0.395268	-0.392731	-0.392753	-0.39855	-0.024837
5.24375	-0.392706	-0.392701	-0.3927	-0.3927	-0.393177	-0.392696	-0.392696	-0.393418	0.012364
5.26875	-0.392686	-0.392695	-0.3927	-0.3927	-0.391552	-0.392661	-0.392639	-0.389129	0.053297
5.29375	-0.392672	-0.39269	-0.392699	-0.3927	-0.390415	-0.392635	-0.392597	-0.386019	0.083612
5.31875	-0.392646	-0.392683	-0.392699	-0.3927	-0.388255	-0.392597	-0.392535	-0.379715	0.134289
5.34375	-0.392294	-0.392594	-0.392698	-0.3927	-0.355984	-0.392291	-0.392	-0.28873	0.275769
5.36875	-0.390167	-0.392137	-0.392695	-0.3927	-0.190442	-0.39117	-0.389935	0.042975	0.345856
5.39375	-0.38729	-0.391562	-0.392692	-0.3927	-0.022367	-0.389986	-0.387694	0.275926	0.376313
5.41875	-0.386743	-0.391448	-0.392692	-0.3927	0.016824	-0.389722	-0.387204	0.345116	0.389312
5.44375	-0.38896	-0.391885	-0.392694	-0.3927	-0.10908	-0.390588	-0.388855	0.188656	0.391548
5.46875	-0.391086	-0.39234	-0.392697	-0.3927	-0.270616	-0.391686	-0.390884	-0.131943	0.341136
5.49375	-0.391964	-0.392534	-0.392698	-0.3927	-0.336658	-0.392209	-0.391829	-0.272939	0.207815
5.51875	-0.392366	-0.392622	-0.392699	-0.3927	-0.367243	-0.392444	-0.392256	-0.336819	0.145597
5.54375	-0.392541	-0.392661	-0.392699	-0.3927	-0.380494	-0.392556	-0.392456	-0.365231	0.103853
5.56875	-0.392625	-0.392681	-0.392699	-0.3927	-0.386911	-0.392623	-0.392571	-0.379325	0.065038
5.59375	-0.392667	-0.392692	-0.3927	-0.3927	-0.390178	-0.392666	-0.392643	-0.386869	0.028736
5.61875	-0.392692	-0.392698	-0.3927	-0.3927	-0.392123	-0.3927	-0.392698	-0.391646	-0.006627
5.64375	-0.392711	-0.392704	-0.3927	-0.3927	-0.393624	-0.392733	-0.392752	-0.395597	-0.045227
5.66875	-0.392725	-0.392708	-0.3927	-0.3927	-0.394742	-0.39276	-0.392794	-0.39866	-0.075983
5.69375	-0.392738	-0.392712	-0.3927	-0.3927	-0.395839	-0.392782	-0.39283	-0.4018	-0.105795
5.71875	-0.392856	-0.392744	-0.392701	-0.3927	-0.40644	-0.392912	-0.393051	-0.433183	-0.218795
5.74375	-0.394107	-0.393027	-0.392703	-0.3927	-0.513516	-0.393693	-0.394465	-0.685067	-0.326808
5.76875	-0.397102	-0.393638	-0.392706	-0.3927	-0.708509	-0.395014	-0.396947	-0.990192	-0.366439
5.79375	-0.398819	-0.39398	-0.392708	-0.3927	-0.804497	-0.395712	-0.398267	-1.12214	-0.385622
5.81875	-0.39753	-0.393734	-0.392707	-0.3927	-0.74584	-0.395269	-0.39741	-1.07364	-0.392186
5.84375	-0.394973	-0.393205	-0.392704	-0.3927	-0.566929	-0.394091	-0.395205	-0.768515	-0.376835
5.86875	-0.393706	-0.392925	-0.392702	-0.3927	-0.468757	-0.393348	-0.393856	-0.553294	-0.255838
5.89375	-0.393156	-0.392805	-0.392701	-0.3927	-0.427602	-0.393029	-0.393277	-0.468923	-0.165193
5.91875	-0.392913	-0.39275	-0.392701	-0.3927	-0.408998	-0.392878	-0.393005	-0.428911	-0.118769
5.94375	-0.3928	-0.392724	-0.3927	-0.3927	-0.4004	-0.392794	-0.39286	-0.410287	-0.074892
5.96875	-0.392744	-0.392711	-0.3927	-0.3927	-0.396109	-0.392743	-0.392773	-0.400526	-0.03571
5.99375	-0.392714	-0.392703	-0.3927	-0.3927	-0.39374	-0.392707	-0.392713	-0.394843	0.000514
