1.01875	0.326112	-0.111124	-1.46335	-1.5691	0.529693	-1.02649	-0.314955	0.77502	0.401394
1.04375	-0.057173	-0.257961	-0.729707	-0.778116	0.039131	-0.606334	-0.34897	0.340561	0.260974
1.06875	-0.25248	-0.335621	-0.565051	-0.587278	-0.209332	-0.491712	-0.367609	-0.125977	0.091872
1.09375	-0.327514	-0.361981	-0.454448	-0.4697	-0.297999	-0.411633	-0.357016	-0.256214	0.041647
1.11875	-0.362119	-0.373531	-0.411701	-0.426606	-0.32986	-0.364795	-0.337711	-0.325285	-0.058623
1.14375	-0.833793	-0.832879	-0.218017	0.119978	-0.797788	-0.510064	-0.750932	-0.820231	-0.285379
1.16875	-1.19336	-0.89473	0.419714	0.528868	-1.29108	0.149926	-0.746686	-1.29613	-0.343937
1.19375	-1.19644	-0.647652	0.611748	0.667544	-1.43624	0.477005	-0.64349	-1.44081	-0.378324
1.21875	-1.15473	-0.560191	0.714011	0.736171	-1.51462	0.612979	-0.601788	-1.51733	-0.391057
1.24375	-1.14142	-0.515098	0.753674	0.763765	-1.5449	0.672791	-0.58934	-1.5471	-0.397042
1.26875	-1.14606	-0.501928	0.771826	0.776146	-1.55878	0.697938	-0.584047	-1.56071	-0.399513
1.29375	-1.21373	-0.532042	0.779356	0.781379	-1.56457	0.705279	-0.599841	-1.56641	-0.400605
1.31875	-1.34002	-0.550678	0.780316	0.78357	-1.56738	0.656748	-0.648939	-1.56891	-0.401071
1.34375	-1.47212	-1.08542	0.756453	0.783353	-1.56834	0.431661	-0.783416	-1.56997	-0.401273
1.36875	-1.48462	-0.989552	0.775228	0.784651	-1.56371	0.321791	-0.736961	-1.57034	-0.40136
1.39375	-1.21576	-0.730974	0.708902	0.784723	-1.39997	0.228198	-0.466282	-1.56534	-0.401398
1.41875	-0.754282	-0.537858	-0.045842	0.04571	-0.854139	-0.187185	-0.437189	-1.13152	-0.261266
1.44375	-0.54826	-0.457058	-0.214773	-0.187386	-0.589322	-0.294879	-0.415453	-0.660233	-0.092056
1.46875	-0.463169	-0.425258	-0.328081	-0.308194	-0.491152	-0.371991	-0.424778	-0.528779	-0.042488
1.49375	-0.426815	-0.413794	-0.372478	-0.356135	-0.457076	-0.41828	-0.445492	-0.460952	0.027328
1.51875	-0.335894	-0.35795	-0.480596	-0.779278	-0.377057	-0.432023	-0.404841	-0.229856	0.262228
1.54375	0.346396	0.0363	-1.14939	-1.28795	0.427099	-0.742229	-0.080273	0.457696	0.336176
1.56875	0.34576	-0.203312	-1.37735	-1.43507	0.596164	-1.23981	-0.191771	0.618331	0.374456
1.59375	0.348202	-0.24649	-1.48988	-1.51536	0.710439	-1.37453	-0.197086	0.719213	0.389506
1.61875	0.345693	-0.280986	-1.53519	-1.54614	0.750278	-1.45113	-0.203369	0.755453	0.396344
1.64375	0.359152	-0.286587	-1.55549	-1.56032	0.76965	-1.47946	-0.204028	0.772789	0.399217
1.66875	0.441107	-0.24426	-1.564	-1.56623	0.777523	-1.48832	-0.181221	0.77988	0.400475
1.69375	0.630897	0.151161	-1.56353	-1.56865	0.781476	-1.39955	0.028163	0.783031	0.401014
1.71875	0.605515	-0.098155	-1.55999	-1.56951	0.782519	-1.42059	-0.112434	0.784363	0.401248
1.74375	0.692058	0.20175	-1.53871	-1.56892	0.782941	-1.06518	-0.044304	0.784938	0.401349
1.76875	0.48343	-0.064946	-1.56168	-1.57024	0.665378	-0.962843	-0.284609	0.782184	0.401392
1.79375	-0.021607	-0.249869	-1.16021	-1.21725	0.078778	-0.972844	-0.38472	0.348304	0.26149
1.81875	-0.230171	-0.330234	-0.661881	-0.67528	-0.189789	-0.561564	-0.3753	-0.125118	0.092245
1.84375	-0.320007	-0.360909	-0.517725	-0.531273	-0.291893	-0.464928	-0.36545	-0.256598	0.043498
1.86875	-0.356579	-0.370951	-0.433165	-0.447716	-0.32644	-0.382508	-0.339113	-0.323525	0.008033
1.89375	-0.393807	-0.400197	-0.237333	0.005311	-0.374768	-0.350576	-0.38085	-0.381604	-0.178717
1.91875	-0.54957	-0.417315	0.040826	0.499933	-0.680315	-0.365796	-0.386191	-1.16564	-0.315938
1.94375	-1.15951	-0.864607	0.420532	0.64374	-1.27221	0.058105	-0.75342	-1.37084	-0.362058
1.96875	-1.09325	-0.560435	0.637871	0.728517	-1.4207	0.477299	-0.587367	-1.49029	-0.385004
1.99375	-1.1248	-0.536773	0.719324	0.759853	-1.5097	0.603849	-0.595867	-1.5347	-0.394205
2.01875	-1.13084	-0.503868	0.757346	0.774598	-1.54236	0.670768	-0.583787	-1.55553	-0.39834
2.04375	-1.17573	-0.51393	0.773063	0.78068	-1.55775	0.695074	-0.588804	-1.56413	-0.400087
2.06875	-1.34127	-0.703412	0.77894	0.783346	-1.56435	0.392352	-0.733261	-1.56794	-0.40085
2.09375	-1.4802	-1.2387	0.590747	0.773814	-1.56725	0.119893	-0.911103	-1.56955	-0.401177
2.11875	-1.4673	-0.917269	0.74079	0.782679	-1.56851	0.364924	-0.802763	-1.57026	-0.401319
2.14375	-1.07929	-0.653764	0.686891	0.782938	-1.29107	0.245264	-0.501306	-1.55848	-0.40138
2.16875	-1.02054	-0.604849	0.355718	0.405986	-1.19315	0.207068	-0.418545	-1.53803	-0.401405
2.19375	-0.587212	-0.461693	-0.135546	-0.115432	-0.643725	-0.210585	-0.410706	-0.739105	-0.120329
2.21875	-0.496824	-0.431632	-0.270664	-0.257672	-0.532587	-0.310672	-0.416116	-0.58308	-0.063029
2.24375	-0.437703	-0.415352	-0.351899	-0.338675	-0.467778	-0.391703	-0.437794	-0.479001	-0.01074
2.26875	-0.336778	-0.32594	-0.333572	-0.589623	-0.406684	-0.366601	-0.34815	-0.359064	0.20598
2.29375	0.433184	0.395732	-1.00544	-1.24266	0.420821	-0.461217	0.185863	0.430049	0.32112
2.31875	0.47699	-0.003268	-1.3335	-1.40704	0.592159	-1.12488	-0.036678	0.59988	0.36582
2.34375	0.403817	-0.161153	-1.4667	-1.50523	0.708952	-1.32279	-0.139369	0.712758	0.386274
2.36875	0.369051	-0.24393	-1.52617	-1.5413	0.749549	-1.42944	-0.179269	0.752317	0.394834
2.39375	0.359068	-0.274984	-1.55138	-1.55834	0.769379	-1.47027	-0.193743	0.771517	0.398592
2.41875	0.384454	-0.275652	-1.56234	-1.56535	0.77736	-1.4879	-0.196983	0.779312	0.400199
2.44375	0.527476	-0.140964	-1.56671	-1.56845	0.781118	-1.47054	-0.112855	0.782791	0.400897
2.46875	0.592654	0.01055	-1.55736	-1.56925	0.782445	-1.41445	-0.148816	0.784259	0.401197
2.49375	0.60764	-0.023413	-1.56659	-1.5702	0.768395	-1.46503	-0.175114	0.784639	0.401327
2.51875	0.280046	-0.199403	-1.37517	-1.56799	0.524508	-1.06542	-0.335817	0.775534	0.401383
2.54375	-0.09887	-0.292109	-0.712647	-0.784367	-0.044474	-0.64303	-0.359156	0.201477	0.26118
2.56875	-0.266545	-0.353071	-0.554743	-0.588549	-0.23091	-0.509405	-0.379533	-0.156742	0.09234
2.59375	-0.336006	-0.371378	-0.453508	-0.470787	-0.317371	-0.428929	-0.372109	-0.280504	0.043672
