1.01875	-0.395274	-0.393892	-0.410294	-0.429412	-0.367326	-0.414426	-0.384186	-0.37577	1.5e-05
1.04375	-0.393858	-0.393388	-0.401064	-0.411648	-0.384661	-0.404008	-0.389425	-0.385571	6e-06
1.06875	-0.393234	-0.393149	-0.397292	-0.40308	-0.392733	-0.398555	-0.39186	-0.389596	2e-06
1.09375	-0.392959	-0.393021	-0.395544	-0.399823	-0.395366	-0.39597	-0.393797	-0.391378	1e-06
1.11875	-0.392831	-0.392933	-0.394715	-0.398184	-0.395573	-0.392303	-0.4004	-0.392132	0
1.14375	-0.392765	-0.392855	-0.39429	-0.018816	-0.535972	-0.37363	-0.449064	-0.392693	0
1.16875	-0.392644	-0.392501	-0.028886	0.093753	-0.831917	-0.379903	-0.503113	-0.764005	-1e-06
1.19375	-0.385417	-0.383838	0.089278	0.154198	-0.906702	-0.298131	-0.519707	-0.877588	-2e-06
1.21875	-0.313179	-0.368214	0.149703	0.177551	-0.951265	-0.351872	-0.540384	-0.937669	-0.00031
1.24375	-0.232325	-0.357541	0.068715	0.188261	-0.964871	-0.34988	-0.543183	-0.874885	-0.002204
1.26875	-0.278688	-0.363637	0.160257	0.192744	-0.974659	-0.371894	-0.548777	-0.952127	-0.000732
1.29375	-0.343562	-0.378466	0.125275	0.194705	-0.976793	-0.325274	-0.53727	-0.928091	-0.000369
1.31875	-0.240629	-0.33435	-0.233453	-0.211614	-0.569358	-0.095992	-0.465272	-0.555723	-0.001574
1.34375	-0.357147	-0.379023	-0.308862	-0.307518	-0.475155	-0.322981	-0.430488	-0.478772	-0.000352
1.36875	-0.370298	-0.383826	-0.35924	-0.362074	-0.416569	-0.34721	-0.408759	-0.42616	-0.000228
1.39375	-0.384606	-0.389323	-0.376562	-0.377747	-0.398391	-0.374964	-0.399778	-0.407966	-8.1e-05
1.41875	-0.388791	-0.39093	-0.384984	-0.384489	-0.39077	-0.383014	-0.395422	-0.399078	-4e-05
1.44375	-0.391066	-0.391825	-0.38842	-0.386789	-0.388311	-0.387493	-0.393355	-0.395486	-1.7e-05
1.46875	-0.391949	-0.392198	-0.390032	-0.387643	-0.387661	-0.3894	-0.392041	-0.393881	-8e-06
1.49375	-0.392364	-0.392402	-0.390797	-0.38768	-0.388151	-0.390977	-0.389999	-0.393204	-4e-06
1.51875	-0.392548	-0.39253	-0.391143	-0.389695	-0.38846	-0.397029	-0.375852	-0.392914	-2e-06
1.54375	-0.39264	-0.392648	-0.398802	-0.803456	-0.022415	-0.450923	-0.311022	-0.375172	-1e-06
1.56875	-0.393107	-0.393877	-0.794628	-0.886774	0.093166	-0.459999	-0.271233	0.013758	-1e-06
1.59375	-0.41311	-0.409146	-0.883861	-0.944817	0.153384	-0.427021	-0.247145	0.101624	8e-06
1.61875	-0.510736	-0.419525	-0.935432	-0.964758	0.17664	-0.42129	-0.238862	0.153062	0.000987
1.64375	-0.550911	-0.427575	-0.917224	-0.974544	0.186208	-0.429652	-0.242238	0.14086	0.001808
1.66875	-0.47822	-0.415779	-0.957362	-0.97849	0.191673	-0.504739	-0.253327	0.176477	0.000514
1.69375	-0.430563	-0.403999	-0.699655	-0.980245	0.18733	-0.435407	-0.257283	-0.024575	0.000283
1.71875	-0.409487	-0.398373	-0.510416	-0.610629	-0.219525	-0.423648	-0.318211	-0.262225	0.000108
1.74375	-0.399988	-0.395408	-0.447708	-0.491266	-0.309219	-0.405776	-0.360062	-0.32984	4.9e-05
1.76875	-0.395908	-0.394083	-0.416608	-0.434983	-0.365188	-0.400186	-0.378152	-0.367108	2e-05
1.79375	-0.394125	-0.393472	-0.404171	-0.413322	-0.383921	-0.397114	-0.386686	-0.381315	8e-06
1.81875	-0.393353	-0.393193	-0.398557	-0.40388	-0.392548	-0.395811	-0.390576	-0.387879	3e-06
1.84375	-0.393012	-0.393048	-0.396134	-0.400087	-0.395511	-0.394939	-0.392844	-0.39061	1e-06
1.86875	-0.392857	-0.392955	-0.39499	-0.398527	-0.395918	-0.393218	-0.396783	-0.391809	0
1.89375	-0.39278	-0.392879	-0.394441	-0.315012	-0.410259	-0.381118	-0.426189	-0.392321	0
1.91875	-0.392717	-0.392746	-0.204544	0.026236	-0.802352	-0.376548	-0.492737	-0.620656	-1e-06
1.94375	-0.390768	-0.388763	0.05235	0.111079	-0.888069	-0.386431	-0.52088	-0.847324	-1e-06
1.96875	-0.345691	-0.369731	0.12542	0.162174	-0.944638	-0.361491	-0.537555	-0.917805	-7.4e-05
1.99375	-0.245264	-0.360172	0.117616	0.180877	-0.962918	-0.362284	-0.54434	-0.913649	-0.001871
2.01875	-0.253462	-0.360078	0.162991	0.189729	-0.973392	-0.368347	-0.548912	-0.953877	-0.001131
2.04375	-0.329696	-0.375065	0.166822	0.193366	-0.977215	-0.349478	-0.54304	-0.958811	-0.000422
2.06875	-0.361175	-0.382175	-0.221955	0.194173	-0.923137	-0.166898	-0.507711	-0.572789	-0.000198
2.09375	-0.379743	-0.388051	-0.301752	-0.214759	-0.557497	-0.060098	-0.386626	-0.485329	-8.2e-05
2.11875	-0.386852	-0.390367	-0.356806	-0.304805	-0.467625	-0.301518	-0.405168	-0.429171	-3.7e-05
2.14375	-0.390171	-0.391521	-0.375425	-0.358118	-0.415989	-0.339504	-0.394875	-0.409217	-1.6e-05
2.16875	-0.391558	-0.392016	-0.384523	-0.375192	-0.39897	-0.371331	-0.394176	-0.399626	-7e-06
2.19375	-0.392174	-0.392254	-0.388201	-0.383096	-0.391501	-0.381577	-0.392712	-0.395719	-4e-06
2.21875	-0.392444	-0.392382	-0.389912	-0.386048	-0.388932	-0.386963	-0.391967	-0.393982	-2e-06
2.24375	-0.39257	-0.39247	-0.390725	-0.387147	-0.388404	-0.389537	-0.3907	-0.393246	-1e-06
2.26875	-0.392635	-0.392545	-0.391114	-0.387107	-0.389165	-0.393421	-0.38366	-0.39293	-1e-06
2.29375	-0.392675	-0.392652	-0.392282	-0.785447	-0.211211	-0.41446	-0.331031	-0.392366	-1e-06
2.31875	-0.392791	-0.392991	-0.766382	-0.882913	0.054517	-0.491393	-0.282913	-0.013232	-1e-06
2.34375	-0.401121	-0.402469	-0.876923	-0.942243	0.126723	-0.434713	-0.253133	0.093985	1e-06
2.36875	-0.477399	-0.417234	-0.936293	-0.963858	0.167728	-0.4228	-0.239816	0.153246	0.00037
2.39375	-0.553834	-0.427978	-0.856074	-0.974105	0.180417	-0.422828	-0.242395	0.091128	0.002193
2.41875	-0.502803	-0.421061	-0.946296	-0.978315	0.189659	-0.458582	-0.247053	0.167276	0.000691
2.44375	-0.440134	-0.406498	-0.897965	-0.980098	0.191216	-0.695626	-0.250331	0.133574	0.000358
2.46875	-0.484702	-0.428898	-0.54941	-0.752411	-0.186747	-0.474562	-0.306409	-0.231439	0.000353
2.49375	-0.416054	-0.401884	-0.475093	-0.517772	-0.303049	-0.442922	-0.353359	-0.307876	0.000106
2.51875	-0.406654	-0.39846	-0.425929	-0.453506	-0.361366	-0.412816	-0.375125	-0.359641	5.6e-05
2.54375	-0.397884	-0.395006	-0.408769	-0.419385	-0.382861	-0.403392	-0.385265	-0.377627	2.1e-05
2.56875	-0.395181	-0.393944	-0.400418	-0.406832	-0.392138	-0.398376	-0.389875	-0.386396	9e-06
2.59375	-0.393756	-0.393361	-0.396988	-0.401215	-0.395539	-0.396212	-0.392292	-0.389945	3e-06
2.61875	-0.393192	-0.393104	-0.395379	-0.399037	-0.39626	-0.394453	-0.394966	-0.391529	1e-06
2.64375	-0.392925	-0.392954	-0.39462	-0.393239	-0.396922	-0.387686	-0.410527	-0.392195	0
2.66875	-0.392799	-0.392838	-0.382303	0.012588	-0.773753	-0.371503	-0.478014	-0.420774	0
2.69375	-0.392209	-0.391317	0.011567	0.100523	-0.880776	-0.353608	-0.510982	-0.802612	-1e-06
2.71875	-0.369644	-0.37524	0.09941	0.158696	-0.940315	-0.337424	-0.530791	-0.888809	-1.3e-05
2.74375	-0.270116	-0.365178	0.148506	0.179128	-0.962483	-0.357998	-0.543859	-0.937436	-0.001106
2.76875	-0.236087	-0.358023	0.140009	0.189031	-0.972055	-0.359856	-0.547032	-0.93317	-0.001721
2.79375	-0.310541	-0.370419	0.172971	0.193053	-0.977173	-0.360576	-0.546335	-0.962804	-0.000498
2.81875	-0.356053	-0.381707	-0.123302	0.194813	-0.97098	-0.257808	-0.522675	-0.722069	-0.000272
2.84375	-0.376543	-0.387202	-0.281629	-0.182875	-0.574388	-0.337674	-0.464281	-0.515586	-0.000105
2.86875	-0.385666	-0.390076	-0.343063	-0.299924	-0.475037	-0.365681	-0.423907	-0.450144	-4.9e-05
2.89375	-0.389607	-0.391359	-0.37075	-0.355395	-0.418233	-0.380044	-0.406684	-0.41643	-2.1e-05
2.91875	-0.391324	-0.391947	-0.382234	-0.374665	-0.399618	-0.385833	-0.398521	-0.403163	-1e-05
2.94375	-0.392069	-0.392217	-0.387268	-0.382889	-0.391603	-0.388503	-0.39485	-0.397147	-5e-06
2.96875	-0.392397	-0.392357	-0.38947	-0.386033	-0.38884	-0.389737	-0.392969	-0.39462	-3e-06
2.99375	-0.392547	-0.392449	-0.390513	-0.387229	-0.388131	-0.390568	-0.39156	-0.393516	-2e-06
3.01875	-0.392621	-0.392523	-0.39102	-0.38723	-0.388789	-0.392374	-0.387683	-0.393046	-1e-06
3.04375	-0.392667	-0.392618	-0.391248	-0.506347	-0.370606	-0.405632	-0.355094	-0.392859	-1e-06
3.06875	-0.392709	-0.392732	-0.622468	-0.827111	0.019404	-0.416291	-0.287405	-0.130261	-1e-06
3.09375	-0.395037	-0.397219	-0.846491	-0.903172	0.103657	-0.428171	-0.258998	0.069189	-1e-06
3.11875	-0.44416	-0.416162	-0.916695	-0.950463	0.159672	-0.414102	-0.241305	0.137281	9.2e-05
3.14375	-0.542889	-0.425833	-0.893735	-0.967523	0.177445	-0.422098	-0.240887	0.120753	0.001959
3.16875	-0.528465	-0.424902	-0.948473	-0.975662	0.188087	-0.4373	-0.243389	0.168637	0.001054
3.19375	-0.453314	-0.409755	-0.948888	-0.978997	0.191771	-0.61734	-0.254152	0.170878	0.000412
3.21875	-0.425633	-0.404302	-0.561246	-0.977949	0.11631	-0.731486	-0.33127	-0.217801	0.000188
3.24375	-0.405668	-0.397452	-0.482259	-0.562339	-0.242575	-0.488473	-0.351585	-0.301425	7.8e-05
3.26875	-0.398687	-0.395159	-0.428449	-0.483648	-0.31978	-0.447811	-0.376396	-0.356993	3.4e-05
3.29375	-0.395257	-0.393916	-0.409977	-0.429455	-0.368905	-0.414991	-0.385148	-0.376454	1.4e-05
3.31875	-0.393861	-0.393403	-0.400917	-0.411716	-0.385393	-0.404234	-0.389871	-0.385897	6e-06
3.34375	-0.393232	-0.393152	-0.397226	-0.403123	-0.392983	-0.398635	-0.392091	-0.389729	2e-06
3.36875	-0.392958	-0.39302	-0.395507	-0.399856	-0.395402	-0.395925	-0.394063	-0.391437	1e-06
3.39375	-0.39283	-0.392929	-0.394693	-0.397969	-0.395564	-0.391657	-0.402026	-0.392157	0
3.41875	-0.392763	-0.392848	-0.394179	0.002684	-0.613509	-0.372002	-0.456429	-0.39325	0
3.44375	-0.392597	-0.392359	-0.01192	0.098074	-0.847873	-0.380817	-0.505852	-0.778453	-1e-06
3.46875	-0.383026	-0.382019	0.092973	0.157213	-0.917668	-0.30986	-0.522642	-0.880777	-2e-06
3.49375	-0.302826	-0.368089	0.151579	0.178586	-0.955013	-0.355357	-0.541603	-0.939292	-0.000441
3.51875	-0.231125	-0.357364	0.075807	0.18877	-0.966856	-0.352284	-0.54388	-0.88073	-0.00217
3.54375	-0.286466	-0.36508	0.162037	0.192949	-0.975444	-0.371337	-0.548482	-0.953636	-0.000657
3.56875	-0.346887	-0.379322	0.096363	0.194795	-0.976558	-0.314654	-0.534914	-0.907395	-0.00035
3.59375	-0.344062	-0.372328	-0.239093	0.057622	-0.626725	-0.079974	-0.480278	-0.551774	-0.000153
3.61875	-0.378192	-0.386733	-0.311981	-0.242072	-0.497938	-0.318544	-0.432121	-0.475985	-6.6e-05
3.64375	-0.384854	-0.389176	-0.360391	-0.321506	-0.427124	-0.34476	-0.410393	-0.42521	-2.9e-05
3.66875	-0.389622	-0.391167	-0.37709	-0.36282	-0.40301	-0.374038	-0.40022	-0.407499	-1.3e-05
3.69375	-0.391251	-0.391836	-0.385203	-0.377361	-0.392859	-0.382591	-0.395647	-0.39889	-6e-06
3.71875	-0.392061	-0.392194	-0.388522	-0.383838	-0.389248	-0.387328	-0.393413	-0.395402	-3e-06
3.74375	-0.392395	-0.392366	-0.390084	-0.386318	-0.388117	-0.389356	-0.392009	-0.393846	-2e-06
3.76875	-0.392554	-0.392477	-0.390823	-0.387061	-0.388444	-0.391107	-0.389651	-0.393189	-1e-06
3.79375	-0.392632	-0.392567	-0.391153	-0.393045	-0.387685	-0.398452	-0.372279	-0.392908	-1e-06
3.81875	-0.392678	-0.392667	-0.413241	-0.804315	-0.003554	-0.441777	-0.30445	-0.348876	-1e-06
3.84375	-0.393341	-0.39438	-0.800271	-0.887281	0.097132	-0.450289	-0.268016	0.021518	-1e-06
3.86875	-0.418669	-0.411178	-0.886525	-0.945005	0.156071	-0.423169	-0.245498	0.105878	1.6e-05
3.89375	-0.519656	-0.420984	-0.931971	-0.964846	0.177383	-0.421237	-0.238997	0.150656	0.001225
3.91875	-0.547434	-0.427153	-0.932188	-0.974581	0.18702	-0.430702	-0.242153	0.153584	0.001628
3.94375	-0.471618	-0.414205	-0.958944	-0.978505	0.191868	-0.525549	-0.255932	0.177989	0.000481
3.96875	-0.428189	-0.403412	-0.630319	-0.98022	0.183151	-0.506524	-0.267133	-0.100901	0.000259
3.99375	-0.408253	-0.398004	-0.496772	-0.580832	-0.22529	-0.438262	-0.325815	-0.277339	9.9e-05
4.01875	-0.399491	-0.395248	-0.438106	-0.485869	-0.310526	-0.41564	-0.363266	-0.340493	4.5e-05
4.04375	-0.395682	-0.394007	-0.413335	-0.43115	-0.365845	-0.403597	-0.379664	-0.370749	1.8e-05
4.06875	-0.394029	-0.393439	-0.402556	-0.412086	-0.3841	-0.398773	-0.387346	-0.383108	8e-06
4.09375	-0.39331	-0.393176	-0.397903	-0.403279	-0.392596	-0.396468	-0.390896	-0.388602	3e-06
4.11875	-0.392993	-0.393039	-0.395834	-0.399863	-0.395467	-0.395184	-0.39308	-0.390934	1e-06
4.14375	-0.392848	-0.392948	-0.394855	-0.398401	-0.3958	-0.393008	-0.397618	-0.391945	0
4.16875	-0.392775	-0.392872	-0.39438	-0.22097	-0.426416	-0.37878	-0.432466	-0.39239	0
4.19375	-0.392702	-0.392691	-0.127489	0.042149	-0.795971	-0.376869	-0.49558	-0.684733	-1e-06
4.21875	-0.389877	-0.38758	0.068492	0.123663	-0.888473	-0.360015	-0.520244	-0.860789	-1e-06
4.24375	-0.336613	-0.368872	0.136268	0.166282	-0.944073	-0.359308	-0.538447	-0.926841	-0.000118
4.26875	-0.240041	-0.35904	0.098232	0.182956	-0.962329	-0.358214	-0.543735	-0.898101	-0.002038
4.29375	-0.260582	-0.360956	0.162585	0.190556	-0.973321	-0.36965	-0.548968	-0.953739	-0.000985
4.31875	-0.334361	-0.376197	0.159324	0.193738	-0.976983	-0.343769	-0.541575	-0.953132	-0.000406
4.34375	-0.354545	-0.378343	-0.225857	0.192309	-0.871551	-0.137926	-0.511662	-0.564007	-0.000182
4.36875	-0.378907	-0.387423	-0.303229	-0.214715	-0.547487	-0.118587	-0.414623	-0.483005	-7.8e-05
4.39375	-0.386029	-0.389874	-0.357448	-0.304431	-0.460688	-0.310396	-0.410822	-0.42783	-3.4e-05
4.41875	-0.389925	-0.391364	-0.375681	-0.357673	-0.413867	-0.34714	-0.398737	-0.408719	-1.5e-05
4.44375	-0.391427	-0.391938	-0.384634	-0.374946	-0.39799	-0.373752	-0.395485	-0.399394	-7e-06
4.46875	-0.392124	-0.392225	-0.388252	-0.38296	-0.391159	-0.382834	-0.393332	-0.395623	-3e-06
4.49375	-0.392422	-0.392371	-0.389942	-0.385974	-0.38882	-0.387479	-0.392174	-0.39394	-2e-06
4.51875	-0.392562	-0.392468	-0.390745	-0.387078	-0.388437	-0.389854	-0.390616	-0.393229	-1e-06
4.54375	-0.392632	-0.392549	-0.391122	-0.387235	-0.389174	-0.394247	-0.381896	-0.392923	-1e-06
4.56875	-0.392674	-0.392654	-0.392496	-0.797779	-0.133914	-0.418645	-0.323816	-0.391387	-1e-06
4.59375	-0.392847	-0.393162	-0.779439	-0.885392	0.070328	-0.478883	-0.278946	-0.001859	-1e-06
4.61875	-0.403799	-0.40436	-0.879811	-0.943973	0.137635	-0.430773	-0.251037	0.09657	2e-06
4.64375	-0.487731	-0.417469	-0.937455	-0.964451	0.171441	-0.421298	-0.239257	0.154298	0.000518
4.66875	-0.554403	-0.428047	-0.869108	-0.974397	0.182522	-0.424203	-0.242416	0.101697	0.00213
4.69375	-0.495118	-0.41955	-0.949035	-0.978432	0.190457	-0.46891	-0.24856	0.169545	0.000624
4.71875	-0.436966	-0.405673	-0.861095	-0.980181	0.190892	-0.683815	-0.263511	0.107142	0.000338
4.74375	-0.419434	-0.40369	-0.542359	-0.825541	-0.164743	-0.474245	-0.304355	-0.236473	0.00013
4.76875	-0.40266	-0.396718	-0.470076	-0.532921	-0.298476	-0.441318	-0.355628	-0.311523	5.9e-05
4.79375	-0.397444	-0.394896	-0.42424	-0.464172	-0.35803	-0.412425	-0.375553	-0.360873	2.4e-05
4.81875	-0.394702	-0.393773	-0.407932	-0.423131	-0.381632	-0.403142	-0.385625	-0.378237	1e-05
4.84375	-0.393623	-0.393339	-0.400079	-0.408684	-0.391502	-0.398274	-0.390023	-0.386641	4e-06
4.86875	-0.393126	-0.393114	-0.39683	-0.401981	-0.395227	-0.396133	-0.392427	-0.390055	1e-06
4.89375	-0.392909	-0.392991	-0.395304	-0.399386	-0.396024	-0.394255	-0.39539	-0.391575	0
4.91875	-0.392805	-0.392903	-0.394584	-0.387405	-0.398164	-0.386094	-0.414368	-0.392215	0
4.94375	-0.392743	-0.392805	-0.358981	0.013516	-0.787766	-0.372773	-0.483104	-0.458025	-1e-06
4.96875	-0.391923	-0.390741	0.018494	0.101293	-0.883802	-0.365071	-0.514175	-0.812117	-1e-06
4.99375	-0.363583	-0.373273	0.103199	0.158943	-0.942327	-0.346283	-0.533086	-0.894493	-2.2e-05
5.01875	-0.26158	-0.363635	0.143874	0.179254	-0.962957	-0.359948	-0.544273	-0.934167	-0.001348
5.04375	-0.240122	-0.358506	0.152115	0.189081	-0.972696	-0.362671	-0.54785	-0.943704	-0.001537
5.06875	-0.316896	-0.371949	0.173614	0.193075	-0.977297	-0.357875	-0.545542	-0.9636	-0.000469
5.09375	-0.358302	-0.382239	-0.179556	0.194779	-0.965226	-0.233716	-0.517343	-0.651029	-0.000248
5.11875	-0.377708	-0.387538	-0.292753	-0.201868	-0.569598	-0.197153	-0.44105	-0.501457	-9.7e-05
5.14375	-0.386136	-0.390222	-0.350872	-0.303355	-0.473762	-0.335345	-0.418099	-0.440216	-4.5e-05
5.16875	-0.38982	-0.391428	-0.373396	-0.357513	-0.417781	-0.359943	-0.403097	-0.413034	-1.9e-05
5.19375	-0.391414	-0.391978	-0.383537	-0.37526	-0.399576	-0.378786	-0.397188	-0.401492	-9e-06
5.21875	-0.392109	-0.392232	-0.387795	-0.383163	-0.39163	-0.385091	-0.394199	-0.396473	-4e-06
5.24375	-0.392415	-0.392366	-0.389713	-0.386122	-0.388894	-0.388366	-0.392667	-0.394319	-2e-06
5.26875	-0.392556	-0.392456	-0.390624	-0.387246	-0.388219	-0.390007	-0.391323	-0.393389	-1e-06
5.29375	-0.392626	-0.39253	-0.391069	-0.387174	-0.388925	-0.392479	-0.38675	-0.392991	-1e-06
5.31875	-0.392671	-0.392644	-0.392163	-0.62726	-0.349002	-0.409571	-0.348791	-0.392809	-1e-06
5.34375	-0.392723	-0.392778	-0.689659	-0.851285	0.025272	-0.473218	-0.28922	-0.075836	-1e-06
5.36875	-0.396227	-0.398542	-0.860644	-0.920098	0.10703	-0.436507	-0.257848	0.080628	-1e-06
5.39375	-0.4536	-0.416811	-0.926122	-0.956266	0.160924	-0.421179	-0.241198	0.144918	0.000146
5.41875	-0.547557	-0.426823	-0.873786	-0.970374	0.17753	-0.423747	-0.241726	0.104833	0.0021
5.44375	-0.52104	-0.423951	-0.947246	-0.976811	0.188314	-0.442611	-0.244352	0.167794	0.000918
5.46875	-0.448875	-0.408679	-0.939704	-0.979515	0.191627	-0.645812	-0.241604	0.16395	0.000397
5.49375	-0.447539	-0.414077	-0.558032	-0.973483	0.031031	-0.483269	-0.2812	-0.22411	0.000191
5.51875	-0.409574	-0.399258	-0.480786	-0.561221	-0.259719	-0.440917	-0.342964	-0.303378	7.7e-05
5.54375	-0.401653	-0.396482	-0.427868	-0.483417	-0.331481	-0.413407	-0.369976	-0.358013	3.4e-05
5.56875	-0.396239	-0.394356	-0.409719	-0.429437	-0.372827	-0.40334	-0.383067	-0.376853	1.4e-05
5.59375	-0.394354	-0.393621	-0.400806	-0.411737	-0.387283	-0.398452	-0.388845	-0.386079	6e-06
5.61875	-0.393428	-0.393237	-0.397173	-0.403149	-0.393699	-0.396289	-0.391728	-0.389805	2e-06
5.64375	-0.393046	-0.393055	-0.395476	-0.39988	-0.395642	-0.394779	-0.394095	-0.39147	1e-06
5.66875	-0.392866	-0.392941	-0.394674	-0.397535	-0.395719	-0.390397	-0.403918	-0.392171	0
5.69375	-0.392778	-0.392848	-0.393738	0.009425	-0.685138	-0.37085	-0.463505	-0.394975	0
5.71875	-0.392534	-0.392155	-0.001771	0.099463	-0.862526	-0.370065	-0.507263	-0.787557	-1e-06
5.74375	-0.380005	-0.38006	0.095271	0.158165	-0.927779	-0.319442	-0.525296	-0.882955	-4e-06
5.76875	-0.292566	-0.367691	0.152119	0.178916	-0.958439	-0.356723	-0.542499	-0.939845	-0.000607
5.79375	-0.231183	-0.357389	0.093488	0.188933	-0.968924	-0.354486	-0.54477	-0.894999	-0.00208
5.81875	-0.294038	-0.366644	0.165498	0.193014	-0.976199	-0.368404	-0.547939	-0.956478	-0.000597
5.84375	-0.349913	-0.380116	0.049653	0.194822	-0.975977	-0.301162	-0.532044	-0.873516	-0.000328
5.86875	-0.373121	-0.386013	-0.247943	-0.007828	-0.607391	-0.157376	-0.459785	-0.545262	-0.000126
5.89375	-0.384328	-0.389589	-0.318378	-0.255081	-0.493594	-0.333006	-0.426399	-0.471294	-5.9e-05
5.91875	-0.388991	-0.391125	-0.36252	-0.330111	-0.424592	-0.355424	-0.407035	-0.423623	-2.5e-05
5.94375	-0.391064	-0.391845	-0.378143	-0.3656	-0.402287	-0.377625	-0.398931	-0.406714	-1.1e-05
5.96875	-0.391953	-0.392168	-0.385626	-0.378701	-0.392562	-0.384382	-0.395028	-0.398575	-5e-06
5.99375	-0.392346	-0.39233	-0.388717	-0.384354	-0.389173	-0.388058	-0.393128	-0.39526	-3e-06
