1.01875	-0.3927	-0.3927	-0.3927	-0.3927	-0.3927	-0.3927	-0.3927	-0.395074	-1e-06
1.04375	-0.3927	-0.3927	-0.3927	-0.3927	-0.3927	-0.3927	-0.3927	-0.395159	-1e-06
1.06875	-0.3927	-0.3927	-0.3927	-0.3927	-0.3927	-0.3927	-0.3927	-0.395142	-1e-06
1.09375	-0.3927	-0.3927	-0.3927	-0.3927	-0.3927	-0.3927	-0.3927	-0.394965	-1e-06
1.11875	-0.3927	-0.3927	-0.3927	-0.3927	-0.3927	-0.3927	-0.3927	-0.394469	-1e-06
1.14375	-0.3927	-0.3927	-0.3927	-0.3927	-0.3927	-0.3927	-0.3927	-0.393663	-1e-06
1.16875	-0.3927	-0.3927	-0.3927	-0.3927	-0.3927	-0.3927	-0.3927	-0.392953	-1e-06
1.19375	-0.3927	-0.3927	-0.3927	-0.3927	-0.3927	-0.3927	-0.3927	-0.392398	-1e-06
1.21875	-0.3927	-0.3927	-0.3927	-0.3927	-0.3927	-0.3927	-0.3927	-0.392013	-1e-06
1.24375	-0.3927	-0.3927	-0.3927	-0.3927	-0.3927	-0.3927	-0.3927	-0.39177	-1e-06
1.26875	-0.3927	-0.3927	-0.3927	-0.3927	-0.3927	-0.3927	-0.3927	-0.391597	-1e-06
1.29375	-0.3927	-0.3927	-0.3927	-0.3927	-0.3927	-0.3927	-0.3927	-0.391412	-1e-06
1.31875	-0.3927	-0.3927	-0.3927	-0.3927	-0.3927	-0.3927	-0.3927	-0.391137	-1e-06
1.34375	-0.3927	-0.3927	-0.3927	-0.3927	-0.3927	-0.3927	-0.3927	-0.390789	-1e-06
1.36875	-0.3927	-0.3927	-0.3927	-0.3927	-0.3927	-0.3927	-0.3927	-0.390494	-1e-06
1.39375	-0.3927	-0.3927	-0.3927	-0.3927	-0.3927	-0.3927	-0.3927	-0.390313	-1e-06
1.41875	-0.3927	-0.3927	-0.3927	-0.3927	-0.3927	-0.3927	-0.3927	-0.390238	-1e-06
1.44375	-0.3927	-0.3927	-0.3927	-0.3927	-0.3927	-0.3927	-0.3927	-0.390266	-1e-06
1.46875	-0.3927	-0.3927	-0.3927	-0.3927	-0.3927	-0.3927	-0.3927	-0.390463	-1e-06
1.49375	-0.3927	-0.3927	-0.3927	-0.3927	-0.3927	-0.3927	-0.3927	-0.390992	-1e-06
1.51875	-0.3927	-0.3927	-0.3927	-0.3927	-0.3927	-0.3927	-0.3927	-0.39177	-1e-06
1.54375	-0.3927	-0.3927	-0.3927	-0.3927	-0.3927	-0.3927	-0.3927	-0.392387	-1e-06
1.56875	-0.3927	-0.3927	-0.3927	-0.3927	-0.3927	-0.3927	-0.3927	-0.392897	-1e-06
1.59375	-0.3927	-0.3927	-0.3927	-0.3927	-0.3927	-0.3927	-0.3927	-0.393299	-1e-06
1.61875	-0.3927	-0.3927	-0.3927	-0.3927	-0.3927	-0.3927	-0.3927	-0.393567	-1e-06
1.64375	-0.3927	-0.3927	-0.3927	-0.3927	-0.3927	-0.3927	-0.3927	-0.393747	-1e-06
1.66875	-0.3927	-0.3927	-0.3927	-0.3927	-0.3927	-0.3927	-0.3927	-0.393913	-1e-06
1.69375	-0.3927	-0.3927	-0.3927	-0.3927	-0.3927	-0.3927	-0.3927	-0.394144	-1e-06
1.71875	-0.3927	-0.3927	-0.3927	-0.3927	-0.3927	-0.3927	-0.3927	-0.394474	-1e-06
1.74375	-0.3927	-0.3927	-0.3927	-0.3927	-0.3927	-0.3927	-0.3927	-0.394803	-1e-06
1.76875	-0.3927	-0.3927	-0.3927	-0.3927	-0.3927	-0.3927	-0.3927	-0.395029	-1e-06
1.79375	-0.3927	-0.3927	-0.3927	-0.3927	-0.3927	-0.3927	-0.3927	-0.395144	-1e-06
1.81875	-0.3927	-0.3927	-0.3927	-0.3927	-0.3927	-0.3927	-0.3927	-0.395159	-1e-06
1.84375	-0.3927	-0.3927	-0.3927	-0.3927	-0.3927	-0.3927	-0.3927	-0.395043	-1e-06
1.86875	-0.3927	-0.3927	-0.3927	-0.3927	-0.3927	-0.3927	-0.3927	-0.394663	-1e-06
1.89375	-0.3927	-0.3927	-0.3927	-0.3927	-0.3927	-0.3927	-0.3927	-0.393914	-1e-06
1.91875	-0.3927	-0.3927	-0.3927	-0.3927	-0.3927	-0.3927	-0.3927	-0.393149	-1e-06
1.94375	-0.3927	-0.3927	-0.3927	-0.3927	-0.3927	-0.3927	-0.3927	-0.39255	-1e-06
1.96875	-0.3927	-0.3927	-0.3927	-0.3927	-0.3927	-0.3927	-0.3927	-0.392111	-1e-06
1.99375	-0.3927	-0.3927	-0.3927	-0.3927	-0.3927	-0.3927	-0.3927	-0.391832	-1e-06
2.01875	-0.3927	-0.3927	-0.3927	-0.3927	-0.3927	-0.3927	-0.3927	-0.391646	-1e-06
2.04375	-0.3927	-0.3927	-0.3927	-0.3927	-0.3927	-0.3927	-0.3927	-0.391474	-1e-06
2.06875	-0.3927	-0.3927	-0.3927	-0.3927	-0.3927	-0.3927	-0.3927	-0.391232	-1e-06
2.09375	-0.3927	-0.3927	-0.3927	-0.3927	-0.3927	-0.3927	-0.3927	-0.390895	-1e-06
2.11875	-0.3927	-0.3927	-0.3927	-0.3927	-0.3927	-0.3927	-0.3927	-0.390572	-1e-06
2.14375	-0.3927	-0.3927	-0.3927	-0.3927	-0.3927	-0.3927	-0.3927	-0.390356	-1e-06
2.16875	-0.3927	-0.3927	-0.3927	-0.3927	-0.3927	-0.3927	-0.3927	-0.39025	-1e-06
2.19375	-0.3927	-0.3927	-0.3927	-0.3927	-0.3927	-0.3927	-0.3927	-0.390244	-1e-06
2.21875	-0.3927	-0.3927	-0.3927	-0.3927	-0.3927	-0.3927	-0.3927	-0.390377	-1e-06
2.24375	-0.3927	-0.3927	-0.3927	-0.3927	-0.3927	-0.3927	-0.3927	-0.390789	-1e-06
2.26875	-0.3927	-0.3927	-0.3927	-0.3927	-0.3927	-0.3927	-0.3927	-0.391539	-1e-06
2.29375	-0.3927	-0.3927	-0.3927	-0.3927	-0.3927	-0.3927	-0.3927	-0.392219	-1e-06
2.31875	-0.3927	-0.3927	-0.3927	-0.3927	-0.3927	-0.3927	-0.3927	-0.39275	-1e-06
2.34375	-0.3927	-0.3927	-0.3927	-0.3927	-0.3927	-0.3927	-0.3927	-0.393193	-1e-06
2.36875	-0.3927	-0.3927	-0.3927	-0.3927	-0.3927	-0.3927	-0.3927	-0.393498	-1e-06
2.39375	-0.3927	-0.3927	-0.3927	-0.3927	-0.3927	-0.3927	-0.3927	-0.393698	-1e-06
2.41875	-0.3927	-0.3927	-0.3927	-0.3927	-0.3927	-0.3927	-0.3927	-0.393859	-1e-06
2.44375	-0.3927	-0.3927	-0.3927	-0.3927	-0.3927	-0.3927	-0.3927	-0.394062	-1e-06
2.46875	-0.3927	-0.3927	-0.3927	-0.3927	-0.3927	-0.3927	-0.3927	-0.394367	-1e-06
2.49375	-0.3927	-0.3927	-0.3927	-0.3927	-0.3927	-0.3927	-0.3927	-0.394711	-1e-06
2.51875	-0.3927	-0.3927	-0.3927	-0.3927	-0.3927	-0.3927	-0.3927	-0.394972	-1e-06
2.54375	-0.3927	-0.3927	-0.3927	-0.3927	-0.3927	-0.3927	-0.3927	-0.395119	-1e-06
2.56875	-0.3927	-0.3927	-0.3927	-0.3927	-0.3927	-0.3927	-0.3927	-0.395165	-1e-06
2.59375	-0.3927	-0.3927	-0.3927	-0.3927	-0.3927	-0.3927	-0.3927	-0.395098	-1e-06
2.61875	-0.3927	-0.3927	-0.3927	-0.3927	-0.3927	-0.3927	-0.3927	-0.394819	-1e-06
2.64375	-0.3927	-0.3927	-0.3927	-0.3927	-0.3927	-0.3927	-0.3927	-0.394166	-1e-06
2.66875	-0.3927	-0.3927	-0.3927	-0.3927	-0.3927	-0.3927	-0.3927	-0.393361	-1e-06
2.69375	-0.3927	-0.3927	-0.3927	-0.3927	-0.3927	-0.3927	-0.3927	-0.392716	-1e-06
2.71875	-0.3927	-0.3927	-0.3927	-0.3927	-0.3927	-0.3927	-0.3927	-0.392225	-1e-06
2.74375	-0.3927	-0.3927	-0.3927	-0.3927	-0.3927	-0.3927	-0.3927	-0.391904	-1e-06
2.76875	-0.3927	-0.3927	-0.3927	-0.3927	-0.3927	-0.3927	-0.3927	-0.391697	-1e-06
2.79375	-0.3927	-0.3927	-0.3927	-0.3927	-0.3927	-0.3927	-0.3927	-0.39153	-1e-06
2.81875	-0.3927	-0.3927	-0.3927	-0.3927	-0.3927	-0.3927	-0.3927	-0.391317	-1e-06
2.84375	-0.3927	-0.3927	-0.3927	-0.3927	-0.3927	-0.3927	-0.3927	-0.391002	-1e-06
2.86875	-0.3927	-0.3927	-0.3927	-0.3927	-0.3927	-0.3927	-0.3927	-0.39066	-1e-06
2.89375	-0.3927	-0.3927	-0.3927	-0.3927	-0.3927	-0.3927	-0.3927	-0.390409	-1e-06
2.91875	-0.3927	-0.3927	-0.3927	-0.3927	-0.3927	-0.3927	-0.3927	-0.390272	-1e-06
2.94375	-0.3927	-0.3927	-0.3927	-0.3927	-0.3927	-0.3927	-0.3927	-0.390235	-1e-06
2.96875	-0.3927	-0.3927	-0.3927	-0.3927	-0.3927	-0.3927	-0.3927	-0.390316	-1e-06
2.99375	-0.3927	-0.3927	-0.3927	-0.3927	-0.3927	-0.3927	-0.3927	-0.390623	-1e-06
3.01875	-0.3927	-0.3927	-0.3927	-0.3927	-0.3927	-0.3927	-0.3927	-0.391296	-1e-06
3.04375	-0.3927	-0.3927	-0.3927	-0.3927	-0.3927	-0.3927	-0.3927	-0.392037	-1e-06
3.06875	-0.3927	-0.3927	-0.3927	-0.3927	-0.3927	-0.3927	-0.3927	-0.392595	-1e-06
3.09375	-0.3927	-0.3927	-0.3927	-0.3927	-0.3927	-0.3927	-0.3927	-0.393072	-1e-06
3.11875	-0.3927	-0.3927	-0.3927	-0.3927	-0.3927	-0.3927	-0.3927	-0.393419	-1e-06
3.14375	-0.3927	-0.3927	-0.3927	-0.3927	-0.3927	-0.3927	-0.3927	-0.393645	-1e-06
3.16875	-0.3927	-0.3927	-0.3927	-0.3927	-0.3927	-0.3927	-0.3927	-0.39381	-1e-06
3.19375	-0.3927	-0.3927	-0.3927	-0.3927	-0.3927	-0.3927	-0.3927	-0.393992	-1e-06
3.21875	-0.3927	-0.3927	-0.3927	-0.3927	-0.3927	-0.3927	-0.3927	-0.394265	-1e-06
3.24375	-0.3927	-0.3927	-0.3927	-0.3927	-0.3927	-0.3927	-0.3927	-0.394611	-1e-06
3.26875	-0.3927	-0.3927	-0.3927	-0.3927	-0.3927	-0.3927	-0.3927	-0.394906	-1e-06
3.29375	-0.3927	-0.3927	-0.3927	-0.3927	-0.3927	-0.3927	-0.3927	-0.395086	-1e-06
3.31875	-0.3927	-0.3927	-0.3927	-0.3927	-0.3927	-0.3927	-0.3927	-0.395162	-1e-06
3.34375	-0.3927	-0.3927	-0.3927	-0.3927	-0.3927	-0.3927	-0.3927	-0.395134	-1e-06
3.36875	-0.3927	-0.3927	-0.3927	-0.3927	-0.3927	-0.3927	-0.3927	-0.394937	-1e-06
3.39375	-0.3927	-0.3927	-0.3927	-0.3927	-0.3927	-0.3927	-0.3927	-0.394404	-1e-06
3.41875	-0.3927	-0.3927	-0.3927	-0.3927	-0.3927	-0.3927	-0.3927	-0.393591	-1e-06
3.44375	-0.3927	-0.3927	-0.3927	-0.3927	-0.3927	-0.3927	-0.3927	-0.392897	-1e-06
3.46875	-0.3927	-0.3927	-0.3927	-0.3927	-0.3927	-0.3927	-0.3927	-0.392356	-1e-06
3.49375	-0.3927	-0.3927	-0.3927	-0.3927	-0.3927	-0.3927	-0.3927	-0.391986	-1e-06
3.51875	-0.3927	-0.3927	-0.3927	-0.3927	-0.3927	-0.3927	-0.3927	-0.391752	-1e-06
3.54375	-0.3927	-0.3927	-0.3927	-0.3927	-0.3927	-0.3927	-0.3927	-0.391582	-1e-06
3.56875	-0.3927	-0.3927	-0.3927	-0.3927	-0.3927	-0.3927	-0.3927	-0.391392	-1e-06
3.59375	-0.3927	-0.3927	-0.3927	-0.3927	-0.3927	-0.3927	-0.3927	-0.391107	-1e-06
3.61875	-0.3927	-0.3927	-0.3927	-0.3927	-0.3927	-0.3927	-0.3927	-0.390758	-1e-06
3.64375	-0.3927	-0.3927	-0.3927	-0.3927	-0.3927	-0.3927	-0.3927	-0.390473	-1e-06
3.66875	-0.3927	-0.3927	-0.3927	-0.3927	-0.3927	-0.3927	-0.3927	-0.390302	-1e-06
3.69375	-0.3927	-0.3927	-0.3927	-0.3927	-0.3927	-0.3927	-0.3927	-0.390236	-1e-06
3.71875	-0.3927	-0.3927	-0.3927	-0.3927	-0.3927	-0.3927	-0.3927	-0.390275	-1e-06
3.74375	-0.3927	-0.3927	-0.3927	-0.3927	-0.3927	-0.3927	-0.3927	-0.390495	-1e-06
3.76875	-0.3927	-0.3927	-0.3927	-0.3927	-0.3927	-0.3927	-0.3927	-0.391059	-1e-06
3.79375	-0.3927	-0.3927	-0.3927	-0.3927	-0.3927	-0.3927	-0.3927	-0.391836	-1e-06
3.81875	-0.3927	-0.3927	-0.3927	-0.3927	-0.3927	-0.3927	-0.3927	-0.392436	-1e-06
3.84375	-0.3927	-0.3927	-0.3927	-0.3927	-0.3927	-0.3927	-0.3927	-0.392939	-1e-06
3.86875	-0.3927	-0.3927	-0.3927	-0.3927	-0.3927	-0.3927	-0.3927	-0.393329	-1e-06
3.89375	-0.3927	-0.3927	-0.3927	-0.3927	-0.3927	-0.3927	-0.3927	-0.393586	-1e-06
3.91875	-0.3927	-0.3927	-0.3927	-0.3927	-0.3927	-0.3927	-0.3927	-0.393762	-1e-06
3.94375	-0.3927	-0.3927	-0.3927	-0.3927	-0.3927	-0.3927	-0.3927	-0.39393	-1e-06
3.96875	-0.3927	-0.3927	-0.3927	-0.3927	-0.3927	-0.3927	-0.3927	-0.39417	-1e-06
3.99375	-0.3927	-0.3927	-0.3927	-0.3927	-0.3927	-0.3927	-0.3927	-0.394506	-1e-06
4.01875	-0.3927	-0.3927	-0.3927	-0.3927	-0.3927	-0.3927	-0.3927	-0.394828	-1e-06
4.04375	-0.3927	-0.3927	-0.3927	-0.3927	-0.3927	-0.3927	-0.3927	-0.395043	-1e-06
4.06875	-0.3927	-0.3927	-0.3927	-0.3927	-0.3927	-0.3927	-0.3927	-0.395149	-1e-06
4.09375	-0.3927	-0.3927	-0.3927	-0.3927	-0.3927	-0.3927	-0.3927	-0.395155	-1e-06
4.11875	-0.3927	-0.3927	-0.3927	-0.3927	-0.3927	-0.3927	-0.3927	-0.395023	-1e-06
4.14375	-0.3927	-0.3927	-0.3927	-0.3927	-0.3927	-0.3927	-0.3927	-0.394609	-1e-06
4.16875	-0.3927	-0.3927	-0.3927	-0.3927	-0.3927	-0.3927	-0.3927	-0.393838	-1e-06
4.19375	-0.3927	-0.3927	-0.3927	-0.3927	-0.3927	-0.3927	-0.3927	-0.393089	-1e-06
4.21875	-0.3927	-0.3927	-0.3927	-0.3927	-0.3927	-0.3927	-0.3927	-0.392502	-1e-06
4.24375	-0.3927	-0.3927	-0.3927	-0.3927	-0.3927	-0.3927	-0.3927	-0.39208	-1e-06
4.26875	-0.3927	-0.3927	-0.3927	-0.3927	-0.3927	-0.3927	-0.3927	-0.391813	-1e-06
4.29375	-0.3927	-0.3927	-0.3927	-0.3927	-0.3927	-0.3927	-0.3927	-0.391632	-1e-06
4.31875	-0.3927	-0.3927	-0.3927	-0.3927	-0.3927	-0.3927	-0.3927	-0.391457	-1e-06
4.34375	-0.3927	-0.3927	-0.3927	-0.3927	-0.3927	-0.3927	-0.3927	-0.391205	-1e-06
4.36875	-0.3927	-0.3927	-0.3927	-0.3927	-0.3927	-0.3927	-0.3927	-0.390863	-1e-06
4.39375	-0.3927	-0.3927	-0.3927	-0.3927	-0.3927	-0.3927	-0.3927	-0.390547	-1e-06
4.41875	-0.3927	-0.3927	-0.3927	-0.3927	-0.3927	-0.3927	-0.3927	-0.390342	-1e-06
4.44375	-0.3927	-0.3927	-0.3927	-0.3927	-0.3927	-0.3927	-0.3927	-0.390246	-1e-06
4.46875	-0.3927	-0.3927	-0.3927	-0.3927	-0.3927	-0.3927	-0.3927	-0.39025	-1e-06
4.49375	-0.3927	-0.3927	-0.3927	-0.3927	-0.3927	-0.3927	-0.3927	-0.3904	-1e-06
4.51875	-0.3927	-0.3927	-0.3927	-0.3927	-0.3927	-0.3927	-0.3927	-0.390846	-1e-06
4.54375	-0.3927	-0.3927	-0.3927	-0.3927	-0.3927	-0.3927	-0.3927	-0.391611	-1e-06
4.56875	-0.3927	-0.3927	-0.3927	-0.3927	-0.3927	-0.3927	-0.3927	-0.39227	-1e-06
4.59375	-0.3927	-0.3927	-0.3927	-0.3927	-0.3927	-0.3927	-0.3927	-0.392795	-1e-06
4.61875	-0.3927	-0.3927	-0.3927	-0.3927	-0.3927	-0.3927	-0.3927	-0.393226	-1e-06
4.64375	-0.3927	-0.3927	-0.3927	-0.3927	-0.3927	-0.3927	-0.3927	-0.393519	-1e-06
4.66875	-0.3927	-0.3927	-0.3927	-0.3927	-0.3927	-0.3927	-0.3927	-0.393713	-1e-06
4.69375	-0.3927	-0.3927	-0.3927	-0.3927	-0.3927	-0.3927	-0.3927	-0.393875	-1e-06
4.71875	-0.3927	-0.3927	-0.3927	-0.3927	-0.3927	-0.3927	-0.3927	-0.394086	-1e-06
4.74375	-0.3927	-0.3927	-0.3927	-0.3927	-0.3927	-0.3927	-0.3927	-0.394399	-1e-06
4.76875	-0.3927	-0.3927	-0.3927	-0.3927	-0.3927	-0.3927	-0.3927	-0.39474	-1e-06
4.79375	-0.3927	-0.3927	-0.3927	-0.3927	-0.3927	-0.3927	-0.3927	-0.394991	-1e-06
4.81875	-0.3927	-0.3927	-0.3927	-0.3927	-0.3927	-0.3927	-0.3927	-0.395128	-1e-06
4.84375	-0.3927	-0.3927	-0.3927	-0.3927	-0.3927	-0.3927	-0.3927	-0.395165	-1e-06
4.86875	-0.3927	-0.3927	-0.3927	-0.3927	-0.3927	-0.3927	-0.3927	-0.395084	-1e-06
4.89375	-0.3927	-0.3927	-0.3927	-0.3927	-0.3927	-0.3927	-0.3927	-0.394776	-1e-06
4.91875	-0.3927	-0.3927	-0.3927	-0.3927	-0.3927	-0.3927	-0.3927	-0.394091	-1e-06
4.94375	-0.3927	-0.3927	-0.3927	-0.3927	-0.3927	-0.3927	-0.3927	-0.393296	-1e-06
4.96875	-0.3927	-0.3927	-0.3927	-0.3927	-0.3927	-0.3927	-0.3927	-0.392665	-1e-06
4.99375	-0.3927	-0.3927	-0.3927	-0.3927	-0.3927	-0.3927	-0.3927	-0.392189	-1e-06
5.01875	-0.3927	-0.3927	-0.3927	-0.3927	-0.3927	-0.3927	-0.3927	-0.391881	-1e-06
5.04375	-0.3927	-0.3927	-0.3927	-0.3927	-0.3927	-0.3927	-0.3927	-0.391682	-1e-06
5.06875	-0.3927	-0.3927	-0.3927	-0.3927	-0.3927	-0.3927	-0.3927	-0.391514	-1e-06
5.09375	-0.3927	-0.3927	-0.3927	-0.3927	-0.3927	-0.3927	-0.3927	-0.391293	-1e-06
5.11875	-0.3927	-0.3927	-0.3927	-0.3927	-0.3927	-0.3927	-0.3927	-0.39097	-1e-06
5.14375	-0.3927	-0.3927	-0.3927	-0.3927	-0.3927	-0.3927	-0.3927	-0.390633	-1e-06
5.16875	-0.3927	-0.3927	-0.3927	-0.3927	-0.3927	-0.3927	-0.3927	-0.390392	-1e-06
5.19375	-0.3927	-0.3927	-0.3927	-0.3927	-0.3927	-0.3927	-0.3927	-0.390265	-1e-06
5.21875	-0.3927	-0.3927	-0.3927	-0.3927	-0.3927	-0.3927	-0.3927	-0.390237	-1e-06
5.24375	-0.3927	-0.3927	-0.3927	-0.3927	-0.3927	-0.3927	-0.3927	-0.390332	-1e-06
5.26875	-0.3927	-0.3927	-0.3927	-0.3927	-0.3927	-0.3927	-0.3927	-0.390669	-1e-06
5.29375	-0.3927	-0.3927	-0.3927	-0.3927	-0.3927	-0.3927	-0.3927	-0.39137	-1e-06
5.31875	-0.3927	-0.3927	-0.3927	-0.3927	-0.3927	-0.3927	-0.3927	-0.392094	-1e-06
5.34375	-0.3927	-0.3927	-0.3927	-0.3927	-0.3927	-0.3927	-0.3927	-0.392642	-1e-06
5.36875	-0.3927	-0.3927	-0.3927	-0.3927	-0.3927	-0.3927	-0.3927	-0.39311	-1e-06
5.39375	-0.3927	-0.3927	-0.3927	-0.3927	-0.3927	-0.3927	-0.3927	-0.393444	-1e-06
5.41875	-0.3927	-0.3927	-0.3927	-0.3927	-0.3927	-0.3927	-0.3927	-0.393661	-1e-06
5.44375	-0.3927	-0.3927	-0.3927	-0.3927	-0.3927	-0.3927	-0.3927	-0.393824	-1e-06
5.46875	-0.3927	-0.3927	-0.3927	-0.3927	-0.3927	-0.3927	-0.3927	-0.394012	-1e-06
5.49375	-0.3927	-0.3927	-0.3927	-0.3927	-0.3927	-0.3927	-0.3927	-0.394295	-1e-06
5.51875	-0.3927	-0.3927	-0.3927	-0.3927	-0.3927	-0.3927	-0.3927	-0.394642	-1e-06
5.54375	-0.3927	-0.3927	-0.3927	-0.3927	-0.3927	-0.3927	-0.3927	-0.394927	-1e-06
5.56875	-0.3927	-0.3927	-0.3927	-0.3927	-0.3927	-0.3927	-0.3927	-0.395097	-1e-06
5.59375	-0.3927	-0.3927	-0.3927	-0.3927	-0.3927	-0.3927	-0.3927	-0.395164	-1e-06
5.61875	-0.3927	-0.3927	-0.3927	-0.3927	-0.3927	-0.3927	-0.3927	-0.395125	-1e-06
5.64375	-0.3927	-0.3927	-0.3927	-0.3927	-0.3927	-0.3927	-0.3927	-0.394905	-1e-06
5.66875	-0.3927	-0.3927	-0.3927	-0.3927	-0.3927	-0.3927	-0.3927	-0.394335	-1e-06
5.69375	-0.3927	-0.3927	-0.3927	-0.3927	-0.3927	-0.3927	-0.3927	-0.39352	-1e-06
5.71875	-0.3927	-0.3927	-0.3927	-0.3927	-0.3927	-0.3927	-0.3927	-0.392841	-1e-06
5.74375	-0.3927	-0.3927	-0.3927	-0.3927	-0.3927	-0.3927	-0.3927	-0.392315	-1e-06
5.76875	-0.3927	-0.3927	-0.3927	-0.3927	-0.3927	-0.3927	-0.3927	-0.39196	-1e-06
5.79375	-0.3927	-0.3927	-0.3927	-0.3927	-0.3927	-0.3927	-0.3927	-0.391735	-1e-06
5.81875	-0.3927	-0.3927	-0.3927	-0.3927	-0.3927	-0.3927	-0.3927	-0.391567	-1e-06
5.84375	-0.3927	-0.3927	-0.3927	-0.3927	-0.3927	-0.3927	-0.3927	-0.39137	-1e-06
5.86875	-0.3927	-0.3927	-0.3927	-0.3927	-0.3927	-0.3927	-0.3927	-0.391076	-1e-06
5.89375	-0.3927	-0.3927	-0.3927	-0.3927	-0.3927	-0.3927	-0.3927	-0.390728	-1e-06
5.91875	-0.3927	-0.3927	-0.3927	-0.3927	-0.3927	-0.3927	-0.3927	-0.390452	-1e-06
5.94375	-0.3927	-0.3927	-0.3927	-0.3927	-0.3927	-0.3927	-0.3927	-0.390292	-1e-06
5.96875	-0.3927	-0.3927	-0.3927	-0.3927	-0.3927	-0.3927	-0.3927	-0.390234	-1e-06
5.99375	-0.3927	-0.3927	-0.3927	-0.3927	-0.3927	-0.3927	-0.3927	-0.390286	-1e-06
