1.01875	-0.3927	-0.3927	-0.396036	-0.3927	-0.3927	-0.3927	-0.3927	-0.3927	-1e-06
1.04375	-0.3927	-0.3927	-0.397307	-0.3927	-0.3927	-0.3927	-0.3927	-0.3927	-1e-06
1.06875	-0.3927	-0.3927	-0.397512	-0.3927	-0.3927	-0.3927	-0.3927	-0.3927	-1e-06
1.09375	-0.3927	-0.3927	-0.396309	-0.3927	-0.3927	-0.3927	-0.3927	-0.3927	-1e-06
1.11875	-0.3927	-0.3927	-0.394392	-0.3927	-0.3927	-0.3927	-0.3927	-0.3927	-1e-06
1.14375	-0.3927	-0.3927	-0.393426	-0.3927	-0.3927	-0.3927	-0.3927	-0.3927	-1e-06
1.16875	-0.3927	-0.3927	-0.393018	-0.3927	-0.3927	-0.3927	-0.3927	-0.3927	-1e-06
1.19375	-0.3927	-0.3927	-0.392838	-0.3927	-0.3927	-0.3927	-0.3927	-0.3927	-1e-06
1.21875	-0.3927	-0.3927	-0.39276	-0.3927	-0.3927	-0.3927	-0.3927	-0.3927	-1e-06
1.24375	-0.3927	-0.3927	-0.392725	-0.3927	-0.3927	-0.3927	-0.3927	-0.3927	-1e-06
1.26875	-0.3927	-0.3927	-0.392709	-0.3927	-0.3927	-0.3927	-0.3927	-0.3927	-1e-06
1.29375	-0.3927	-0.3927	-0.392698	-0.3927	-0.3927	-0.3927	-0.3927	-0.3927	-1e-06
1.31875	-0.3927	-0.3927	-0.392678	-0.3927	-0.3927	-0.3927	-0.3927	-0.3927	-1e-06
1.34375	-0.3927	-0.3927	-0.392528	-0.3927	-0.3927	-0.3927	-0.3927	-0.3927	-1e-06
1.36875	-0.3927	-0.3927	-0.391735	-0.3927	-0.3927	-0.3927	-0.3927	-0.3927	-1e-06
1.39375	-0.3927	-0.3927	-0.390066	-0.3927	-0.3927	-0.3927	-0.3927	-0.3927	-1e-06
1.41875	-0.3927	-0.3927	-0.388497	-0.3927	-0.3927	-0.3927	-0.3927	-0.3927	-1e-06
1.44375	-0.3927	-0.3927	-0.387816	-0.3927	-0.3927	-0.3927	-0.3927	-0.3927	-1e-06
1.46875	-0.3927	-0.3927	-0.388434	-0.3927	-0.3927	-0.3927	-0.3927	-0.3927	-1e-06
1.49375	-0.3927	-0.3927	-0.390293	-0.3927	-0.3927	-0.3927	-0.3927	-0.3927	-1e-06
1.51875	-0.3927	-0.3927	-0.391699	-0.3927	-0.3927	-0.3927	-0.3927	-0.3927	-1e-06
1.54375	-0.3927	-0.3927	-0.392253	-0.3927	-0.3927	-0.3927	-0.3927	-0.3927	-1e-06
1.56875	-0.3927	-0.3927	-0.392509	-0.3927	-0.3927	-0.3927	-0.3927	-0.3927	-1e-06
1.59375	-0.3927	-0.3927	-0.392617	-0.3927	-0.3927	-0.3927	-0.3927	-0.3927	-1e-06
1.61875	-0.3927	-0.3927	-0.392665	-0.3927	-0.3927	-0.3927	-0.3927	-0.3927	-1e-06
1.64375	-0.3927	-0.3927	-0.392687	-0.3927	-0.3927	-0.3927	-0.3927	-0.3927	-1e-06
1.66875	-0.3927	-0.3927	-0.3927	-0.3927	-0.3927	-0.3927	-0.3927	-0.3927	-1e-06
1.69375	-0.3927	-0.3927	-0.392725	-0.3927	-0.3927	-0.3927	-0.3927	-0.3927	-1e-06
1.71875	-0.3927	-0.3927	-0.392909	-0.3927	-0.3927	-0.3927	-0.3927	-0.3927	-1e-06
1.74375	-0.3927	-0.3927	-0.393799	-0.3927	-0.3927	-0.3927	-0.3927	-0.3927	-1e-06
1.76875	-0.3927	-0.3927	-0.395511	-0.3927	-0.3927	-0.3927	-0.3927	-0.3927	-1e-06
1.79375	-0.3927	-0.3927	-0.397016	-0.3927	-0.3927	-0.3927	-0.3927	-0.3927	-1e-06
1.81875	-0.3927	-0.3927	-0.397586	-0.3927	-0.3927	-0.3927	-0.3927	-0.3927	-1e-06
1.84375	-0.3927	-0.3927	-0.396824	-0.3927	-0.3927	-0.3927	-0.3927	-0.3927	-1e-06
1.86875	-0.3927	-0.3927	-0.394916	-0.3927	-0.3927	-0.3927	-0.3927	-0.3927	-1e-06
1.89375	-0.3927	-0.3927	-0.393624	-0.3927	-0.3927	-0.3927	-0.3927	-0.3927	-1e-06
1.91875	-0.3927	-0.3927	-0.393112	-0.3927	-0.3927	-0.3927	-0.3927	-0.3927	-1e-06
1.94375	-0.3927	-0.3927	-0.392877	-0.3927	-0.3927	-0.3927	-0.3927	-0.3927	-1e-06
1.96875	-0.3927	-0.3927	-0.392777	-0.3927	-0.3927	-0.3927	-0.3927	-0.3927	-1e-06
1.99375	-0.3927	-0.3927	-0.392732	-0.3927	-0.3927	-0.3927	-0.3927	-0.3927	-1e-06
2.01875	-0.3927	-0.3927	-0.392712	-0.3927	-0.3927	-0.3927	-0.3927	-0.3927	-1e-06
2.04375	-0.3927	-0.3927	-0.392701	-0.3927	-0.3927	-0.3927	-0.3927	-0.3927	-1e-06
2.06875	-0.3927	-0.3927	-0.392688	-0.3927	-0.3927	-0.3927	-0.3927	-0.3927	-1e-06
2.09375	-0.3927	-0.3927	-0.392608	-0.3927	-0.3927	-0.3927	-0.3927	-0.3927	-1e-06
2.11875	-0.3927	-0.3927	-0.392084	-0.3927	-0.3927	-0.3927	-0.3927	-0.3927	-1e-06
2.14375	-0.3927	-0.3927	-0.390617	-0.3927	-0.3927	-0.3927	-0.3927	-0.3927	-1e-06
2.16875	-0.3927	-0.3927	-0.388902	-0.3927	-0.3927	-0.3927	-0.3927	-0.3927	-1e-06
2.19375	-0.3927	-0.3927	-0.387903	-0.3927	-0.3927	-0.3927	-0.3927	-0.3927	-1e-06
2.21875	-0.3927	-0.3927	-0.388089	-0.3927	-0.3927	-0.3927	-0.3927	-0.3927	-1e-06
2.24375	-0.3927	-0.3927	-0.389676	-0.3927	-0.3927	-0.3927	-0.3927	-0.3927	-1e-06
2.26875	-0.3927	-0.3927	-0.391403	-0.3927	-0.3927	-0.3927	-0.3927	-0.3927	-1e-06
2.29375	-0.3927	-0.3927	-0.392126	-0.3927	-0.3927	-0.3927	-0.3927	-0.3927	-1e-06
2.31875	-0.3927	-0.3927	-0.392453	-0.3927	-0.3927	-0.3927	-0.3927	-0.3927	-1e-06
2.34375	-0.3927	-0.3927	-0.392592	-0.3927	-0.3927	-0.3927	-0.3927	-0.3927	-1e-06
2.36875	-0.3927	-0.3927	-0.392654	-0.3927	-0.3927	-0.3927	-0.3927	-0.3927	-1e-06
2.39375	-0.3927	-0.3927	-0.392682	-0.3927	-0.3927	-0.3927	-0.3927	-0.3927	-1e-06
2.41875	-0.3927	-0.3927	-0.392696	-0.3927	-0.3927	-0.3927	-0.3927	-0.3927	-1e-06
2.44375	-0.3927	-0.3927	-0.392713	-0.3927	-0.3927	-0.3927	-0.3927	-0.3927	-1e-06
2.46875	-0.3927	-0.3927	-0.392812	-0.3927	-0.3927	-0.3927	-0.3927	-0.3927	-1e-06
2.49375	-0.3927	-0.3927	-0.393418	-0.3927	-0.3927	-0.3927	-0.3927	-0.3927	-1e-06
2.51875	-0.3927	-0.3927	-0.394961	-0.3927	-0.3927	-0.3927	-0.3927	-0.3927	-1e-06
2.54375	-0.3927	-0.3927	-0.396638	-0.3927	-0.3927	-0.3927	-0.3927	-0.3927	-1e-06
2.56875	-0.3927	-0.3927	-0.397537	-0.3927	-0.3927	-0.3927	-0.3927	-0.3927	-1e-06
2.59375	-0.3927	-0.3927	-0.397214	-0.3927	-0.3927	-0.3927	-0.3927	-0.3927	-1e-06
2.61875	-0.3927	-0.3927	-0.395521	-0.3927	-0.3927	-0.3927	-0.3927	-0.3927	-1e-06
2.64375	-0.3927	-0.3927	-0.39389	-0.3927	-0.3927	-0.3927	-0.3927	-0.3927	-1e-06
2.66875	-0.3927	-0.3927	-0.39323	-0.3927	-0.3927	-0.3927	-0.3927	-0.3927	-1e-06
2.69375	-0.3927	-0.3927	-0.392927	-0.3927	-0.3927	-0.3927	-0.3927	-0.3927	-1e-06
2.71875	-0.3927	-0.3927	-0.392799	-0.3927	-0.3927	-0.3927	-0.3927	-0.3927	-1e-06
2.74375	-0.3927	-0.3927	-0.392742	-0.3927	-0.3927	-0.3927	-0.3927	-0.3927	-1e-06
2.76875	-0.3927	-0.3927	-0.392717	-0.3927	-0.3927	-0.3927	-0.3927	-0.3927	-1e-06
2.79375	-0.3927	-0.3927	-0.392704	-0.3927	-0.3927	-0.3927	-0.3927	-0.3927	-1e-06
2.81875	-0.3927	-0.3927	-0.392693	-0.3927	-0.3927	-0.3927	-0.3927	-0.3927	-1e-06
2.84375	-0.3927	-0.3927	-0.392651	-0.3927	-0.3927	-0.3927	-0.3927	-0.3927	-1e-06
2.86875	-0.3927	-0.3927	-0.392332	-0.3927	-0.3927	-0.3927	-0.3927	-0.3927	-1e-06
2.89375	-0.3927	-0.3927	-0.391144	-0.3927	-0.3927	-0.3927	-0.3927	-0.3927	-1e-06
2.91875	-0.3927	-0.3927	-0.389377	-0.3927	-0.3927	-0.3927	-0.3927	-0.3927	-1e-06
2.94375	-0.3927	-0.3927	-0.388098	-0.3927	-0.3927	-0.3927	-0.3927	-0.3927	-1e-06
2.96875	-0.3927	-0.3927	-0.387884	-0.3927	-0.3927	-0.3927	-0.3927	-0.3927	-1e-06
2.99375	-0.3927	-0.3927	-0.389076	-0.3927	-0.3927	-0.3927	-0.3927	-0.3927	-1e-06
3.01875	-0.3927	-0.3927	-0.390996	-0.3927	-0.3927	-0.3927	-0.3927	-0.3927	-1e-06
3.04375	-0.3927	-0.3927	-0.391969	-0.3927	-0.3927	-0.3927	-0.3927	-0.3927	-1e-06
3.06875	-0.3927	-0.3927	-0.39238	-0.3927	-0.3927	-0.3927	-0.3927	-0.3927	-1e-06
3.09375	-0.3927	-0.3927	-0.392562	-0.3927	-0.3927	-0.3927	-0.3927	-0.3927	-1e-06
3.11875	-0.3927	-0.3927	-0.39264	-0.3927	-0.3927	-0.3927	-0.3927	-0.3927	-1e-06
3.14375	-0.3927	-0.3927	-0.392675	-0.3927	-0.3927	-0.3927	-0.3927	-0.3927	-1e-06
3.16875	-0.3927	-0.3927	-0.392692	-0.3927	-0.3927	-0.3927	-0.3927	-0.3927	-1e-06
3.19375	-0.3927	-0.3927	-0.392706	-0.3927	-0.3927	-0.3927	-0.3927	-0.3927	-1e-06
3.21875	-0.3927	-0.3927	-0.392759	-0.3927	-0.3927	-0.3927	-0.3927	-0.3927	-1e-06
3.24375	-0.3927	-0.3927	-0.393137	-0.3927	-0.3927	-0.3927	-0.3927	-0.3927	-1e-06
3.26875	-0.3927	-0.3927	-0.394422	-0.3927	-0.3927	-0.3927	-0.3927	-0.3927	-1e-06
3.29375	-0.3927	-0.3927	-0.396184	-0.3927	-0.3927	-0.3927	-0.3927	-0.3927	-1e-06
3.31875	-0.3927	-0.3927	-0.397376	-0.3927	-0.3927	-0.3927	-0.3927	-0.3927	-1e-06
3.34375	-0.3927	-0.3927	-0.397464	-0.3927	-0.3927	-0.3927	-0.3927	-0.3927	-1e-06
3.36875	-0.3927	-0.3927	-0.396135	-0.3927	-0.3927	-0.3927	-0.3927	-0.3927	-1e-06
3.39375	-0.3927	-0.3927	-0.394258	-0.3927	-0.3927	-0.3927	-0.3927	-0.3927	-1e-06
3.41875	-0.3927	-0.3927	-0.393376	-0.3927	-0.3927	-0.3927	-0.3927	-0.3927	-1e-06
3.44375	-0.3927	-0.3927	-0.392994	-0.3927	-0.3927	-0.3927	-0.3927	-0.3927	-1e-06
3.46875	-0.3927	-0.3927	-0.392828	-0.3927	-0.3927	-0.3927	-0.3927	-0.3927	-1e-06
3.49375	-0.3927	-0.3927	-0.392755	-0.3927	-0.3927	-0.3927	-0.3927	-0.3927	-1e-06
3.51875	-0.3927	-0.3927	-0.392723	-0.3927	-0.3927	-0.3927	-0.3927	-0.3927	-1e-06
3.54375	-0.3927	-0.3927	-0.392707	-0.3927	-0.3927	-0.3927	-0.3927	-0.3927	-1e-06
3.56875	-0.3927	-0.3927	-0.392697	-0.3927	-0.3927	-0.3927	-0.3927	-0.3927	-1e-06
3.59375	-0.3927	-0.3927	-0.392673	-0.3927	-0.3927	-0.3927	-0.3927	-0.3927	-1e-06
3.61875	-0.3927	-0.3927	-0.392493	-0.3927	-0.3927	-0.3927	-0.3927	-0.3927	-1e-06
3.64375	-0.3927	-0.3927	-0.391611	-0.3927	-0.3927	-0.3927	-0.3927	-0.3927	-1e-06
3.66875	-0.3927	-0.3927	-0.389902	-0.3927	-0.3927	-0.3927	-0.3927	-0.3927	-1e-06
3.69375	-0.3927	-0.3927	-0.388392	-0.3927	-0.3927	-0.3927	-0.3927	-0.3927	-1e-06
3.71875	-0.3927	-0.3927	-0.387813	-0.3927	-0.3927	-0.3927	-0.3927	-0.3927	-1e-06
3.74375	-0.3927	-0.3927	-0.388564	-0.3927	-0.3927	-0.3927	-0.3927	-0.3927	-1e-06
3.76875	-0.3927	-0.3927	-0.39047	-0.3927	-0.3927	-0.3927	-0.3927	-0.3927	-1e-06
3.79375	-0.3927	-0.3927	-0.39177	-0.3927	-0.3927	-0.3927	-0.3927	-0.3927	-1e-06
3.81875	-0.3927	-0.3927	-0.392285	-0.3927	-0.3927	-0.3927	-0.3927	-0.3927	-1e-06
3.84375	-0.3927	-0.3927	-0.392522	-0.3927	-0.3927	-0.3927	-0.3927	-0.3927	-1e-06
3.86875	-0.3927	-0.3927	-0.392623	-0.3927	-0.3927	-0.3927	-0.3927	-0.3927	-1e-06
3.89375	-0.3927	-0.3927	-0.392668	-0.3927	-0.3927	-0.3927	-0.3927	-0.3927	-1e-06
3.91875	-0.3927	-0.3927	-0.392688	-0.3927	-0.3927	-0.3927	-0.3927	-0.3927	-1e-06
3.94375	-0.3927	-0.3927	-0.392701	-0.3927	-0.3927	-0.3927	-0.3927	-0.3927	-1e-06
3.96875	-0.3927	-0.3927	-0.392731	-0.3927	-0.3927	-0.3927	-0.3927	-0.3927	-1e-06
3.99375	-0.3927	-0.3927	-0.39295	-0.3927	-0.3927	-0.3927	-0.3927	-0.3927	-1e-06
4.01875	-0.3927	-0.3927	-0.393931	-0.3927	-0.3927	-0.3927	-0.3927	-0.3927	-1e-06
4.04375	-0.3927	-0.3927	-0.395672	-0.3927	-0.3927	-0.3927	-0.3927	-0.3927	-1e-06
4.06875	-0.3927	-0.3927	-0.397113	-0.3927	-0.3927	-0.3927	-0.3927	-0.3927	-1e-06
4.09375	-0.3927	-0.3927	-0.397577	-0.3927	-0.3927	-0.3927	-0.3927	-0.3927	-1e-06
4.11875	-0.3927	-0.3927	-0.396682	-0.3927	-0.3927	-0.3927	-0.3927	-0.3927	-1e-06
4.14375	-0.3927	-0.3927	-0.394747	-0.3927	-0.3927	-0.3927	-0.3927	-0.3927	-1e-06
4.16875	-0.3927	-0.3927	-0.393559	-0.3927	-0.3927	-0.3927	-0.3927	-0.3927	-1e-06
4.19375	-0.3927	-0.3927	-0.393081	-0.3927	-0.3927	-0.3927	-0.3927	-0.3927	-1e-06
4.21875	-0.3927	-0.3927	-0.392864	-0.3927	-0.3927	-0.3927	-0.3927	-0.3927	-1e-06
4.24375	-0.3927	-0.3927	-0.392771	-0.3927	-0.3927	-0.3927	-0.3927	-0.3927	-1e-06
4.26875	-0.3927	-0.3927	-0.39273	-0.3927	-0.3927	-0.3927	-0.3927	-0.3927	-1e-06
4.29375	-0.3927	-0.3927	-0.392711	-0.3927	-0.3927	-0.3927	-0.3927	-0.3927	-1e-06
4.31875	-0.3927	-0.3927	-0.3927	-0.3927	-0.3927	-0.3927	-0.3927	-0.3927	-1e-06
4.34375	-0.3927	-0.3927	-0.392685	-0.3927	-0.3927	-0.3927	-0.3927	-0.3927	-1e-06
4.36875	-0.3927	-0.3927	-0.392588	-0.3927	-0.3927	-0.3927	-0.3927	-0.3927	-1e-06
4.39375	-0.3927	-0.3927	-0.39199	-0.3927	-0.3927	-0.3927	-0.3927	-0.3927	-1e-06
4.41875	-0.3927	-0.3927	-0.390452	-0.3927	-0.3927	-0.3927	-0.3927	-0.3927	-1e-06
4.44375	-0.3927	-0.3927	-0.388772	-0.3927	-0.3927	-0.3927	-0.3927	-0.3927	-1e-06
4.46875	-0.3927	-0.3927	-0.387865	-0.3927	-0.3927	-0.3927	-0.3927	-0.3927	-1e-06
4.49375	-0.3927	-0.3927	-0.388178	-0.3927	-0.3927	-0.3927	-0.3927	-0.3927	-1e-06
4.51875	-0.3927	-0.3927	-0.389863	-0.3927	-0.3927	-0.3927	-0.3927	-0.3927	-1e-06
4.54375	-0.3927	-0.3927	-0.391502	-0.3927	-0.3927	-0.3927	-0.3927	-0.3927	-1e-06
4.56875	-0.3927	-0.3927	-0.392167	-0.3927	-0.3927	-0.3927	-0.3927	-0.3927	-1e-06
4.59375	-0.3927	-0.3927	-0.392471	-0.3927	-0.3927	-0.3927	-0.3927	-0.3927	-1e-06
4.61875	-0.3927	-0.3927	-0.3926	-0.3927	-0.3927	-0.3927	-0.3927	-0.3927	-1e-06
4.64375	-0.3927	-0.3927	-0.392657	-0.3927	-0.3927	-0.3927	-0.3927	-0.3927	-1e-06
4.66875	-0.3927	-0.3927	-0.392683	-0.3927	-0.3927	-0.3927	-0.3927	-0.3927	-1e-06
4.69375	-0.3927	-0.3927	-0.392697	-0.3927	-0.3927	-0.3927	-0.3927	-0.3927	-1e-06
4.71875	-0.3927	-0.3927	-0.392716	-0.3927	-0.3927	-0.3927	-0.3927	-0.3927	-1e-06
4.74375	-0.3927	-0.3927	-0.392836	-0.3927	-0.3927	-0.3927	-0.3927	-0.3927	-1e-06
4.76875	-0.3927	-0.3927	-0.393522	-0.3927	-0.3927	-0.3927	-0.3927	-0.3927	-1e-06
4.79375	-0.3927	-0.3927	-0.395127	-0.3927	-0.3927	-0.3927	-0.3927	-0.3927	-1e-06
4.81875	-0.3927	-0.3927	-0.39676	-0.3927	-0.3927	-0.3927	-0.3927	-0.3927	-1e-06
4.84375	-0.3927	-0.3927	-0.397564	-0.3927	-0.3927	-0.3927	-0.3927	-0.3927	-1e-06
4.86875	-0.3927	-0.3927	-0.397111	-0.3927	-0.3927	-0.3927	-0.3927	-0.3927	-1e-06
4.89375	-0.3927	-0.3927	-0.395335	-0.3927	-0.3927	-0.3927	-0.3927	-0.3927	-1e-06
4.91875	-0.3927	-0.3927	-0.393801	-0.3927	-0.3927	-0.3927	-0.3927	-0.3927	-1e-06
4.94375	-0.3927	-0.3927	-0.393192	-0.3927	-0.3927	-0.3927	-0.3927	-0.3927	-1e-06
4.96875	-0.3927	-0.3927	-0.392911	-0.3927	-0.3927	-0.3927	-0.3927	-0.3927	-1e-06
4.99375	-0.3927	-0.3927	-0.392792	-0.3927	-0.3927	-0.3927	-0.3927	-0.3927	-1e-06
5.01875	-0.3927	-0.3927	-0.392739	-0.3927	-0.3927	-0.3927	-0.3927	-0.3927	-1e-06
5.04375	-0.3927	-0.3927	-0.392715	-0.3927	-0.3927	-0.3927	-0.3927	-0.3927	-1e-06
5.06875	-0.3927	-0.3927	-0.392703	-0.3927	-0.3927	-0.3927	-0.3927	-0.3927	-1e-06
5.09375	-0.3927	-0.3927	-0.392692	-0.3927	-0.3927	-0.3927	-0.3927	-0.3927	-1e-06
5.11875	-0.3927	-0.3927	-0.392641	-0.3927	-0.3927	-0.3927	-0.3927	-0.3927	-1e-06
5.14375	-0.3927	-0.3927	-0.392268	-0.3927	-0.3927	-0.3927	-0.3927	-0.3927	-1e-06
5.16875	-0.3927	-0.3927	-0.390991	-0.3927	-0.3927	-0.3927	-0.3927	-0.3927	-1e-06
5.19375	-0.3927	-0.3927	-0.389228	-0.3927	-0.3927	-0.3927	-0.3927	-0.3927	-1e-06
5.21875	-0.3927	-0.3927	-0.388029	-0.3927	-0.3927	-0.3927	-0.3927	-0.3927	-1e-06
5.24375	-0.3927	-0.3927	-0.387931	-0.3927	-0.3927	-0.3927	-0.3927	-0.3927	-1e-06
5.26875	-0.3927	-0.3927	-0.38925	-0.3927	-0.3927	-0.3927	-0.3927	-0.3927	-1e-06
5.29375	-0.3927	-0.3927	-0.391131	-0.3927	-0.3927	-0.3927	-0.3927	-0.3927	-1e-06
5.31875	-0.3927	-0.3927	-0.39202	-0.3927	-0.3927	-0.3927	-0.3927	-0.3927	-1e-06
5.34375	-0.3927	-0.3927	-0.392404	-0.3927	-0.3927	-0.3927	-0.3927	-0.3927	-1e-06
5.36875	-0.3927	-0.3927	-0.392572	-0.3927	-0.3927	-0.3927	-0.3927	-0.3927	-1e-06
5.39375	-0.3927	-0.3927	-0.392645	-0.3927	-0.3927	-0.3927	-0.3927	-0.3927	-1e-06
5.41875	-0.3927	-0.3927	-0.392677	-0.3927	-0.3927	-0.3927	-0.3927	-0.3927	-1e-06
5.44375	-0.3927	-0.3927	-0.392693	-0.3927	-0.3927	-0.3927	-0.3927	-0.3927	-1e-06
5.46875	-0.3927	-0.3927	-0.392708	-0.3927	-0.3927	-0.3927	-0.3927	-0.3927	-1e-06
5.49375	-0.3927	-0.3927	-0.392772	-0.3927	-0.3927	-0.3927	-0.3927	-0.3927	-1e-06
5.51875	-0.3927	-0.3927	-0.393211	-0.3927	-0.3927	-0.3927	-0.3927	-0.3927	-1e-06
5.54375	-0.3927	-0.3927	-0.39458	-0.3927	-0.3927	-0.3927	-0.3927	-0.3927	-1e-06
5.56875	-0.3927	-0.3927	-0.396327	-0.3927	-0.3927	-0.3927	-0.3927	-0.3927	-1e-06
5.59375	-0.3927	-0.3927	-0.397435	-0.3927	-0.3927	-0.3927	-0.3927	-0.3927	-1e-06
5.61875	-0.3927	-0.3927	-0.397403	-0.3927	-0.3927	-0.3927	-0.3927	-0.3927	-1e-06
5.64375	-0.3927	-0.3927	-0.395955	-0.3927	-0.3927	-0.3927	-0.3927	-0.3927	-1e-06
5.66875	-0.3927	-0.3927	-0.394135	-0.3927	-0.3927	-0.3927	-0.3927	-0.3927	-1e-06
5.69375	-0.3927	-0.3927	-0.393328	-0.3927	-0.3927	-0.3927	-0.3927	-0.3927	-1e-06
5.71875	-0.3927	-0.3927	-0.392972	-0.3927	-0.3927	-0.3927	-0.3927	-0.3927	-1e-06
5.74375	-0.3927	-0.3927	-0.392818	-0.3927	-0.3927	-0.3927	-0.3927	-0.3927	-1e-06
5.76875	-0.3927	-0.3927	-0.392751	-0.3927	-0.3927	-0.3927	-0.3927	-0.3927	-1e-06
5.79375	-0.3927	-0.3927	-0.392721	-0.3927	-0.3927	-0.3927	-0.3927	-0.3927	-1e-06
5.81875	-0.3927	-0.3927	-0.392706	-0.3927	-0.3927	-0.3927	-0.3927	-0.3927	-1e-06
5.84375	-0.3927	-0.3927	-0.392696	-0.3927	-0.3927	-0.3927	-0.3927	-0.3927	-1e-06
5.86875	-0.3927	-0.3927	-0.392668	-0.3927	-0.3927	-0.3927	-0.3927	-0.3927	-1e-06
5.89375	-0.3927	-0.3927	-0.392453	-0.3927	-0.3927	-0.3927	-0.3927	-0.3927	-1e-06
5.91875	-0.3927	-0.3927	-0.391479	-0.3927	-0.3927	-0.3927	-0.3927	-0.3927	-1e-06
5.94375	-0.3927	-0.3927	-0.389741	-0.3927	-0.3927	-0.3927	-0.3927	-0.3927	-1e-06
5.96875	-0.3927	-0.3927	-0.388294	-0.3927	-0.3927	-0.3927	-0.3927	-0.3927	-1e-06
5.99375	-0.3927	-0.3927	-0.387821	-0.3927	-0.3927	-0.3927	-0.3927	-0.3927	-1e-06
