1.01875	-0.377781	-0.384687	-0.391844	-0.392076	-0.248851	-0.351483	-0.320038	-0.192845	0.115477
1.04375	-0.386283	-0.389246	-0.39233	-0.39243	-0.334068	-0.37507	-0.362088	-0.308606	0.054191
1.06875	-0.389935	-0.391212	-0.392541	-0.392584	-0.366753	-0.385058	-0.379323	-0.35665	0.018845
1.09375	-0.391569	-0.392086	-0.392634	-0.392651	-0.383272	-0.389463	-0.387095	-0.385885	-0.034588
1.11875	-0.394343	-0.393468	-0.39277	-0.392747	-0.501997	-0.396503	-0.404133	-0.737331	-0.253882
1.14375	-0.453548	-0.424576	-0.396013	-0.395108	-1.12103	-0.573095	-0.742169	-1.26819	-0.335042
1.16875	-0.539306	-0.472652	-0.401375	-0.399051	-1.33708	-0.788464	-1.03118	-1.42229	-0.373348
1.19375	-0.574319	-0.492552	-0.403621	-0.400689	-1.446	-0.871808	-1.14236	-1.5067	-0.38913
1.21875	-0.592057	-0.502621	-0.404746	-0.401493	-1.49	-0.913568	-1.19651	-1.53907	-0.396118
1.24375	-0.599627	-0.506929	-0.405225	-0.40183	-1.50983	-0.93103	-1.21912	-1.55401	-0.399094
1.26875	-0.602399	-0.508496	-0.405404	-0.401965	-1.51806	-0.937926	-1.2284	-1.56021	-0.400388
1.29375	-0.601536	-0.50795	-0.405347	-0.401943	-1.52108	-0.937466	-1.22948	-1.56287	-0.400943
1.31875	-0.589566	-0.500743	-0.404494	-0.401331	-1.51864	-0.915183	-1.2108	-1.5635	-0.401178
1.34375	-0.513544	-0.457587	-0.399625	-0.397751	-1.43842	-0.731525	-0.987797	-1.55118	-0.401138
1.36875	-0.438793	-0.417567	-0.395368	-0.394645	-0.832558	-0.518178	-0.608082	-1.09938	-0.37127
1.39375	-0.414072	-0.404193	-0.393929	-0.393596	-0.587064	-0.45174	-0.495435	-0.659836	-0.163113
1.41875	-0.401594	-0.39749	-0.393213	-0.393074	-0.475725	-0.417061	-0.434797	-0.517577	-0.073525
1.44375	-0.396606	-0.394803	-0.392925	-0.392864	-0.428575	-0.403471	-0.41138	-0.443602	-0.027203
1.46875	-0.394292	-0.393564	-0.392793	-0.392768	-0.40596	-0.397215	-0.400462	-0.403048	0.045173
1.49375	-0.39004	-0.391437	-0.392583	-0.392619	-0.232901	-0.385866	-0.372758	0.019988	0.267126
1.51875	-0.321305	-0.355075	-0.388765	-0.389835	0.370097	-0.183169	0.001882	0.500456	0.3388
1.54375	-0.241312	-0.310012	-0.383713	-0.38612	0.564515	0.014256	0.260149	0.647345	0.375424
1.56875	-0.208709	-0.29151	-0.381629	-0.384603	0.666719	0.092182	0.364869	0.725172	0.38992
1.59375	-0.192288	-0.282178	-0.380587	-0.38386	0.707134	0.130597	0.414259	0.755497	0.396483
1.61875	-0.185329	-0.27822	-0.380147	-0.38355	0.725551	0.146687	0.435137	0.769361	0.399245
1.64375	-0.182922	-0.276861	-0.379991	-0.38343	0.733103	0.152804	0.443444	0.775143	0.400454
1.66875	-0.184228	-0.277671	-0.380078	-0.383473	0.735755	0.151483	0.443679	0.777592	0.400971
1.69375	-0.199116	-0.28661	-0.381136	-0.384238	0.732106	0.12323	0.4195	0.778	0.401188
1.71875	-0.282625	-0.333681	-0.38641	-0.388114	0.618456	-0.083652	0.155326	0.75881	0.401057
1.74375	-0.349886	-0.369594	-0.39022	-0.390891	-0.000353	-0.276063	-0.193272	0.241395	0.356658
1.76875	-0.37307	-0.38215	-0.391573	-0.391878	-0.211736	-0.338421	-0.297901	-0.143384	0.148611
1.79375	-0.384482	-0.388275	-0.392226	-0.392354	-0.317108	-0.370175	-0.353785	-0.278672	0.06892
1.81875	-0.389098	-0.390762	-0.392493	-0.392549	-0.359562	-0.382769	-0.375443	-0.345309	0.027058
1.84375	-0.391193	-0.391885	-0.392612	-0.392636	-0.379222	-0.388485	-0.385412	-0.375408	-0.006158
1.86875	-0.392601	-0.392609	-0.392686	-0.392689	-0.414401	-0.391886	-0.392194	-0.526412	-0.189428
1.89375	-0.424053	-0.408759	-0.394329	-0.393877	-0.958292	-0.488405	-0.598652	-1.18573	-0.318785
1.91875	-0.520864	-0.462099	-0.400172	-0.398166	-1.29072	-0.7455	-0.977349	-1.38402	-0.363644
1.94375	-0.566128	-0.487926	-0.403104	-0.400315	-1.42001	-0.851981	-1.11491	-1.49074	-0.385563
1.96875	-0.588172	-0.500405	-0.404498	-0.401317	-1.48005	-0.904682	-1.1851	-1.53204	-0.394434
1.99375	-0.597985	-0.505996	-0.405121	-0.401756	-1.50523	-0.927203	-1.21404	-1.551	-0.398401
2.01875	-0.601956	-0.508248	-0.405374	-0.40194	-1.51622	-0.936686	-1.22659	-1.55892	-0.400081
2.04375	-0.602254	-0.508387	-0.405396	-0.401972	-1.52052	-0.938495	-1.23001	-1.56234	-0.400813
2.06875	-0.596141	-0.504686	-0.404963	-0.401673	-1.52052	-0.927855	-1.22179	-1.56356	-0.401125
2.09375	-0.546063	-0.475594	-0.401606	-0.399206	-1.49288	-0.817378	-1.10761	-1.56019	-0.401218
2.11875	-0.452139	-0.424656	-0.396117	-0.39519	-1.0264	-0.555693	-0.681018	-1.31647	-0.39513
2.14375	-0.420076	-0.40745	-0.39428	-0.393852	-0.634699	-0.467947	-0.522308	-0.724401	-0.224761
2.16875	-0.404137	-0.398853	-0.393358	-0.39318	-0.504796	-0.424059	-0.447478	-0.552996	-0.092334
2.19375	-0.397721	-0.395404	-0.392989	-0.392911	-0.439262	-0.406495	-0.416612	-0.457665	-0.039686
2.21875	-0.394808	-0.393838	-0.392822	-0.392789	-0.412333	-0.398565	-0.40289	-0.417099	0.006809
2.24375	-0.392772	-0.392792	-0.392715	-0.392713	-0.356561	-0.393533	-0.392583	-0.201638	0.209505
2.26875	-0.352703	-0.372051	-0.390587	-0.39117	0.234186	-0.271593	-0.142021	0.430523	0.323139
2.29375	-0.257908	-0.319509	-0.384796	-0.386916	0.521182	-0.024463	0.210903	0.610686	0.366524
2.31875	-0.216484	-0.295897	-0.382119	-0.384957	0.644084	0.073284	0.338681	0.710797	0.386574
2.34375	-0.195861	-0.284214	-0.380814	-0.38402	0.698175	0.122397	0.403628	0.748943	0.394923
2.36875	-0.186838	-0.279075	-0.380242	-0.383617	0.721491	0.143133	0.430372	0.766612	0.398598
2.39375	-0.183268	-0.277052	-0.380014	-0.38345	0.731482	0.151749	0.441835	0.773949	0.400168
2.41875	-0.183324	-0.277121	-0.380016	-0.383434	0.735346	0.152865	0.444525	0.777121	0.400849
2.44375	-0.190929	-0.281718	-0.380557	-0.383813	0.734704	0.1393	0.433709	0.778168	0.401139
2.46875	-0.249461	-0.315467	-0.384422	-0.386656	0.69589	0.006132	0.289023	0.773054	0.401204
2.49375	-0.338302	-0.363411	-0.389564	-0.390414	0.174165	-0.244192	-0.13318	0.460584	0.390603
2.51875	-0.367378	-0.379065	-0.39124	-0.391635	-0.16684	-0.322991	-0.272316	-0.084862	0.202433
2.54375	-0.382178	-0.387036	-0.392094	-0.392258	-0.290548	-0.363898	-0.342649	-0.24442	0.086252
2.56875	-0.388064	-0.390204	-0.392433	-0.392505	-0.349691	-0.379969	-0.370652	-0.332295	0.037333
2.59375	-0.390741	-0.391643	-0.392587	-0.392617	-0.374246	-0.387285	-0.383312	-0.367533	0.007481
2.61875	-0.39203	-0.392324	-0.392658	-0.392669	-0.391568	-0.390582	-0.38922	-0.421316	-0.115152
2.64375	-0.404218	-0.398439	-0.393265	-0.393103	-0.747673	-0.427262	-0.478636	-1.02507	-0.299367
2.66875	-0.495235	-0.447576	-0.398535	-0.396961	-1.23311	-0.683716	-0.90038	-1.33952	-0.352312
2.69375	-0.556267	-0.48233	-0.402474	-0.399856	-1.38659	-0.828428	-1.08319	-1.46566	-0.381354
2.71875	-0.583061	-0.497493	-0.404172	-0.401085	-1.46745	-0.892866	-1.17027	-1.52255	-0.392459
2.74375	-0.595837	-0.504773	-0.404985	-0.401661	-1.49933	-0.92228	-1.20772	-1.54659	-0.397585
2.76875	-0.601182	-0.507809	-0.405324	-0.401901	-1.51382	-0.934767	-1.22406	-1.55709	-0.39972
2.79375	-0.602532	-0.508561	-0.405414	-0.401978	-1.51964	-0.938677	-1.22977	-1.56156	-0.40066
2.81875	-0.599479	-0.506703	-0.405202	-0.401844	-1.52114	-0.933974	-1.22685	-1.56336	-0.401059
2.84375	-0.571301	-0.489997	-0.403239	-0.400407	-1.51101	-0.876955	-1.17444	-1.56267	-0.401217
2.86875	-0.473644	-0.436044	-0.397315	-0.396062	-1.23426	-0.618874	-0.800738	-1.48625	-0.400222
2.89375	-0.427169	-0.411296	-0.394695	-0.394155	-0.692259	-0.487061	-0.554301	-0.834051	-0.296169
2.91875	-0.407719	-0.400767	-0.393562	-0.393328	-0.537404	-0.434211	-0.465873	-0.593539	-0.115812
2.94375	-0.399153	-0.396174	-0.393072	-0.392971	-0.45163	-0.410439	-0.423497	-0.477158	-0.05351
2.96875	-0.39547	-0.394192	-0.39286	-0.392816	-0.418536	-0.400385	-0.406144	-0.427602	-0.011763
2.99375	-0.393645	-0.393227	-0.392758	-0.392743	-0.393214	-0.395639	-0.397517	-0.347615	0.136085
3.01875	-0.376225	-0.38442	-0.391877	-0.392109	0.028044	-0.342385	-0.273024	0.301724	0.304827
3.04375	-0.28106	-0.332692	-0.38629	-0.388015	0.466755	-0.079288	0.143267	0.56901	0.355506
3.06875	-0.22573	-0.301135	-0.382707	-0.385384	0.611913	0.051108	0.308554	0.689492	0.382538
3.09375	-0.200537	-0.286882	-0.381113	-0.384233	0.686155	0.111665	0.390147	0.740496	0.393014
3.11875	-0.188806	-0.280196	-0.380367	-0.383705	0.71584	0.13861	0.424526	0.762788	0.397813
3.14375	-0.18393	-0.277427	-0.380058	-0.383484	0.729204	0.150069	0.439574	0.772347	0.39982
3.16875	-0.182919	-0.276872	-0.379989	-0.383421	0.734531	0.153294	0.444517	0.776446	0.400701
3.19375	-0.186772	-0.279212	-0.380259	-0.383598	0.735614	0.147045	0.440213	0.778046	0.401076
3.21875	-0.221175	-0.299489	-0.382629	-0.385337	0.721635	0.075613	0.372424	0.776763	0.401218
3.24375	-0.319797	-0.353627	-0.388536	-0.389666	0.380656	-0.19012	-0.027632	0.658905	0.39941
3.26875	-0.360676	-0.375429	-0.390848	-0.391349	-0.11425	-0.304916	-0.242052	0.004779	0.273226
3.29375	-0.378976	-0.385326	-0.391912	-0.392126	-0.259141	-0.354867	-0.326023	-0.205419	0.107842
3.31875	-0.386749	-0.389496	-0.392357	-0.39245	-0.338084	-0.376353	-0.364295	-0.315232	0.05009
3.34375	-0.39015	-0.391327	-0.392553	-0.392593	-0.368619	-0.385654	-0.380366	-0.359395	0.016455
3.36875	-0.391674	-0.39214	-0.392639	-0.392655	-0.384598	-0.38973	-0.387572	-0.390335	-0.048605
3.39375	-0.395496	-0.39404	-0.392826	-0.392787	-0.550316	-0.399872	-0.412908	-0.803393	-0.268123
3.41875	-0.463378	-0.429931	-0.396592	-0.395533	-1.15397	-0.60027	-0.784383	-1.28598	-0.339341
3.44375	-0.54378	-0.47521	-0.401666	-0.399264	-1.34933	-0.798949	-1.04469	-1.43256	-0.375633
3.46875	-0.576531	-0.493799	-0.40376	-0.400789	-1.45184	-0.8772	-1.14977	-1.51055	-0.390017
3.49375	-0.593041	-0.503182	-0.404808	-0.401536	-1.49242	-0.915838	-1.19946	-1.54087	-0.396524
3.51875	-0.600042	-0.507163	-0.405251	-0.401849	-1.5109	-0.932017	-1.22045	-1.55475	-0.399264
3.54375	-0.602474	-0.508537	-0.405409	-0.40197	-1.51848	-0.938188	-1.22882	-1.56054	-0.400462
3.56875	-0.601203	-0.507747	-0.405324	-0.401928	-1.52116	-0.936934	-1.22912	-1.56299	-0.400975
3.59375	-0.586561	-0.498955	-0.404283	-0.401176	-1.51761	-0.909191	-1.20541	-1.56341	-0.401191
3.61875	-0.503593	-0.452163	-0.399037	-0.397321	-1.40692	-0.704024	-0.944397	-1.54487	-0.401068
3.64375	-0.435754	-0.415935	-0.395193	-0.394518	-0.788334	-0.509981	-0.593271	-1.03243	-0.357925
3.66875	-0.412456	-0.403318	-0.393834	-0.393527	-0.574638	-0.447335	-0.488096	-0.64331	-0.149443
3.69375	-0.400964	-0.39715	-0.393176	-0.393047	-0.468782	-0.415359	-0.431846	-0.507408	-0.068622
3.71875	-0.396316	-0.394646	-0.392908	-0.392852	-0.425901	-0.402688	-0.410053	-0.439708	-0.023804
3.74375	-0.39415	-0.393489	-0.392785	-0.392762	-0.403896	-0.396859	-0.399828	-0.396294	0.062872
3.76875	-0.38828	-0.390558	-0.392496	-0.392557	-0.176088	-0.380504	-0.359132	0.086166	0.278651
3.79375	-0.311417	-0.349644	-0.388172	-0.389399	0.397747	-0.156504	0.040901	0.516989	0.342905
3.81875	-0.237236	-0.307685	-0.383449	-0.385926	0.576367	0.023851	0.272582	0.657355	0.377398
3.84375	-0.206617	-0.290329	-0.381498	-0.384508	0.671937	0.09726	0.371673	0.728838	0.390726
3.86875	-0.191379	-0.28166	-0.38053	-0.383819	0.709385	0.132697	0.41697	0.757235	0.396841
3.89375	-0.18495	-0.278005	-0.380123	-0.383532	0.726519	0.147596	0.436344	0.770074	0.399397
3.91875	-0.182875	-0.276836	-0.379987	-0.383425	0.733489	0.153011	0.443799	0.775455	0.40052
3.94375	-0.18464	-0.277921	-0.380107	-0.383492	0.735796	0.150799	0.443183	0.777708	0.400999
3.96875	-0.202827	-0.288806	-0.381394	-0.384427	0.730707	0.115653	0.41251	0.777859	0.401198
3.99375	-0.292225	-0.338881	-0.386969	-0.388523	0.576115	-0.110556	0.111226	0.748598	0.400932
4.01875	-0.35265	-0.371084	-0.39038	-0.391008	-0.035487	-0.283442	-0.206115	0.174648	0.339941
4.04375	-0.374592	-0.382973	-0.391661	-0.391943	-0.223296	-0.342598	-0.304905	-0.159466	0.136994
4.06875	-0.385064	-0.388589	-0.39226	-0.392379	-0.322961	-0.371749	-0.356472	-0.288697	0.064275
4.09375	-0.389368	-0.390908	-0.392508	-0.39256	-0.361911	-0.383503	-0.376682	-0.349029	0.024465
4.11875	-0.391311	-0.391949	-0.392619	-0.392641	-0.380458	-0.388795	-0.385943	-0.378162	-0.012406
4.14375	-0.392915	-0.392764	-0.392701	-0.392699	-0.43029	-0.392651	-0.39411	-0.582813	-0.210609
4.16875	-0.432125	-0.413044	-0.39478	-0.394206	-1.01644	-0.512121	-0.640461	-1.21553	-0.323905
4.19375	-0.527063	-0.465643	-0.400575	-0.398463	-1.30595	-0.759962	-0.995172	-1.39589	-0.366789
4.21875	-0.56873	-0.489397	-0.403269	-0.400435	-1.42903	-0.858245	-1.1235	-1.49612	-0.386704
4.24375	-0.589448	-0.501133	-0.404579	-0.401375	-1.48342	-0.907595	-1.18878	-1.53431	-0.394977
4.26875	-0.598524	-0.506302	-0.405155	-0.401781	-1.50681	-0.928446	-1.21566	-1.552	-0.398623
4.29375	-0.602121	-0.508341	-0.405385	-0.401949	-1.51685	-0.93712	-1.2272	-1.55934	-0.40018
4.31875	-0.602092	-0.508288	-0.405385	-0.401966	-1.52074	-0.938288	-1.22994	-1.56252	-0.400855
4.34375	-0.594613	-0.503767	-0.404853	-0.401594	-1.52015	-0.924971	-1.21934	-1.56357	-0.401142
4.36875	-0.536741	-0.47038	-0.401027	-0.39878	-1.48234	-0.793614	-1.07719	-1.55862	-0.401208
4.39375	-0.447457	-0.422179	-0.395856	-0.395	-0.964677	-0.542229	-0.654239	-1.25141	-0.391039
4.41875	-0.418173	-0.406417	-0.394168	-0.393771	-0.619775	-0.462824	-0.513773	-0.702199	-0.203974
4.44375	-0.403285	-0.398398	-0.39331	-0.393144	-0.495581	-0.421686	-0.443089	-0.541759	-0.086248
4.46875	-0.397359	-0.395209	-0.392968	-0.392896	-0.435898	-0.405507	-0.414879	-0.45306	-0.035726
4.49375	-0.394642	-0.39375	-0.392813	-0.392782	-0.410484	-0.398121	-0.402083	-0.413611	0.015439
4.51875	-0.392279	-0.392548	-0.392692	-0.392696	-0.33168	-0.392252	-0.389318	-0.136288	0.229613
4.54375	-0.343824	-0.367293	-0.390081	-0.3908	0.283877	-0.246065	-0.098528	0.455213	0.328169
4.56875	-0.252357	-0.316331	-0.384433	-0.386649	0.535105	-0.011556	0.227074	0.622361	0.369543
4.59375	-0.214021	-0.294505	-0.381963	-0.384844	0.651972	0.079247	0.346963	0.715618	0.387681
4.61875	-0.194691	-0.283547	-0.38074	-0.383968	0.701178	0.125068	0.407062	0.75108	0.395447
4.64375	-0.186343	-0.278794	-0.380211	-0.383595	0.722884	0.144284	0.431905	0.767522	0.398814
4.66875	-0.183134	-0.276977	-0.380005	-0.383443	0.732038	0.152124	0.44238	0.774342	0.400264
4.69375	-0.183533	-0.277249	-0.38003	-0.383443	0.735515	0.152569	0.444377	0.77728	0.40089
4.71875	-0.192835	-0.282863	-0.380693	-0.383913	0.73417	0.135643	0.430551	0.778155	0.401156
4.74375	-0.259298	-0.320916	-0.385022	-0.387096	0.680708	-0.019826	0.25311	0.770634	0.401184
4.76875	-0.342295	-0.365531	-0.389788	-0.390577	0.114277	-0.255403	-0.155064	0.395733	0.384031
4.79375	-0.369185	-0.380045	-0.391346	-0.391713	-0.18132	-0.327863	-0.280372	-0.103922	0.183634
4.81875	-0.382941	-0.387445	-0.392137	-0.39229	-0.299479	-0.365995	-0.346452	-0.254945	0.080664
4.84375	-0.388398	-0.390384	-0.392452	-0.392519	-0.352945	-0.380876	-0.372219	-0.336395	0.033931
4.86875	-0.390888	-0.391722	-0.392595	-0.392623	-0.375865	-0.387679	-0.384012	-0.369799	0.004152
4.89375	-0.392158	-0.392389	-0.392664	-0.392673	-0.39556	-0.390872	-0.389832	-0.441088	-0.137858
4.91875	-0.408914	-0.400849	-0.393509	-0.393281	-0.809852	-0.442126	-0.510408	-1.08485	-0.305845
4.94375	-0.50374	-0.452366	-0.399071	-0.397356	-1.25139	-0.704676	-0.926979	-1.35423	-0.355887
4.96875	-0.559448	-0.484138	-0.402678	-0.400005	-1.39678	-0.835991	-1.0933	-1.47463	-0.382717
4.99375	-0.584743	-0.498449	-0.404279	-0.401161	-1.47137	-0.896793	-1.17523	-1.52582	-0.393089
5.01875	-0.596544	-0.505175	-0.40503	-0.401692	-1.50115	-0.923898	-1.20979	-1.54815	-0.397847
5.04375	-0.601452	-0.507962	-0.405341	-0.401914	-1.51457	-0.935425	-1.22492	-1.55773	-0.399836
5.06875	-0.602487	-0.508532	-0.405411	-0.401978	-1.51992	-0.938698	-1.22991	-1.56184	-0.400709
5.09375	-0.5987	-0.506231	-0.405146	-0.401805	-1.52103	-0.932576	-1.22572	-1.56344	-0.401081
5.11875	-0.564809	-0.486247	-0.402809	-0.400091	-1.50739	-0.862352	-1.15925	-1.56221	-0.401221
5.14375	-0.466181	-0.43208	-0.396896	-0.395757	-1.17128	-0.596997	-0.760967	-1.44798	-0.399273
5.16875	-0.424908	-0.410071	-0.394563	-0.394059	-0.672677	-0.480978	-0.544174	-0.793259	-0.275182
5.19375	-0.406516	-0.400124	-0.393493	-0.393278	-0.52707	-0.430802	-0.459861	-0.580913	-0.108108
5.21875	-0.398684	-0.395922	-0.393045	-0.392951	-0.447578	-0.409148	-0.42128	-0.47043	-0.049284
5.24375	-0.395252	-0.394075	-0.392847	-0.392807	-0.416592	-0.399782	-0.405092	-0.424464	-0.00732
5.26875	-0.393453	-0.39313	-0.392749	-0.392736	-0.386913	-0.395187	-0.39655	-0.317496	0.158693
5.29375	-0.370324	-0.381358	-0.391562	-0.391881	0.092077	-0.324065	-0.23678	0.350825	0.310687
5.31875	-0.2733	-0.328294	-0.385794	-0.38765	0.484082	-0.06062	0.16642	0.582386	0.358944
5.34375	-0.222764	-0.299452	-0.382518	-0.385246	0.622029	0.058195	0.3181	0.69711	0.383812
5.36875	-0.198995	-0.286003	-0.381015	-0.384163	0.68996	0.115229	0.394608	0.743363	0.393613
5.39375	-0.188159	-0.279827	-0.380326	-0.383676	0.717624	0.140094	0.426426	0.764124	0.39806
5.41875	-0.183695	-0.277294	-0.380042	-0.383473	0.729928	0.150649	0.440337	0.772899	0.39993
5.44375	-0.182998	-0.276922	-0.379994	-0.383423	0.734801	0.153246	0.444596	0.776682	0.400748
5.46875	-0.18774	-0.279797	-0.380328	-0.383648	0.735443	0.145277	0.438757	0.778109	0.401096
5.49375	-0.228697	-0.30379	-0.383118	-0.385697	0.716574	0.058	0.353015	0.776082	0.401219
5.51875	-0.326318	-0.357077	-0.388898	-0.38993	0.318219	-0.209362	-0.064275	0.6076	0.398097
5.54375	-0.362807	-0.376584	-0.390972	-0.39144	-0.131257	-0.310671	-0.251704	-0.027673	0.251911
5.56875	-0.380058	-0.385903	-0.391973	-0.39217	-0.268877	-0.357946	-0.331625	-0.217519	0.100897
5.59375	-0.387179	-0.389728	-0.392382	-0.392468	-0.341753	-0.377545	-0.366383	-0.32099	0.046147
5.61875	-0.390346	-0.391432	-0.392564	-0.392601	-0.370365	-0.386201	-0.381347	-0.36195	0.013999
5.64375	-0.391777	-0.392194	-0.392645	-0.392659	-0.386123	-0.389986	-0.388048	-0.396213	-0.065746
5.66875	-0.397185	-0.394883	-0.392909	-0.392847	-0.606464	-0.405014	-0.42605	-0.869213	-0.279687
5.69375	-0.473265	-0.435358	-0.397184	-0.395968	-1.1819	-0.62699	-0.823664	-1.30245	-0.343398
5.71875	-0.547881	-0.477551	-0.401932	-0.39946	-1.36118	-0.808601	-1.05719	-1.44253	-0.377601
5.74375	-0.578632	-0.494985	-0.403892	-0.400884	-1.45709	-0.882301	-1.15662	-1.5142	-0.390817
5.76875	-0.593955	-0.503702	-0.404866	-0.401577	-1.49467	-0.91795	-1.20219	-1.5426	-0.396881
5.79375	-0.600423	-0.507379	-0.405275	-0.401866	-1.51187	-0.932932	-1.22166	-1.55546	-0.399415
5.81875	-0.602523	-0.508563	-0.405412	-0.401974	-1.51887	-0.938399	-1.22918	-1.56085	-0.400528
5.84375	-0.600798	-0.507502	-0.405295	-0.401909	-1.5212	-0.936263	-1.22863	-1.56311	-0.401003
5.86875	-0.58291	-0.496793	-0.404029	-0.400989	-1.51624	-0.901749	-1.19856	-1.56328	-0.401201
5.89375	-0.493958	-0.446942	-0.398476	-0.39691	-1.36544	-0.67705	-0.90029	-1.53503	-0.400948
5.91875	-0.432972	-0.414435	-0.395033	-0.394401	-0.75256	-0.50255	-0.580301	-0.965486	-0.341426
5.94375	-0.410927	-0.402492	-0.393746	-0.393462	-0.563025	-0.443141	-0.481065	-0.62717	-0.137648
5.96875	-0.400379	-0.396834	-0.393143	-0.393022	-0.46285	-0.413776	-0.42914	-0.497336	-0.06388
5.99375	-0.396044	-0.394499	-0.392893	-0.39284	-0.423503	-0.401951	-0.408805	-0.435831	-0.0204
