1.01875	0.160355	-0.250172	-0.391076	-0.392063	0.784377	0.27046	0.6405	0.785181	7e-05
1.04375	0.131778	-0.258655	-0.391115	-0.392042	0.78473	0.354376	0.682868	0.785303	7.2e-05
1.06875	0.084159	-0.275813	-0.391305	-0.392094	0.784805	0.347026	0.688542	0.785354	7.1e-05
1.09375	-0.044277	-0.316147	-0.391795	-0.39227	0.783667	0.102208	0.53592	0.785367	6.9e-05
1.11875	-0.168671	-0.346109	-0.392131	-0.392373	0.771108	-0.077115	0.269721	0.516734	2e-05
1.14375	-0.682433	-0.58943	-0.394374	-0.392715	-0.434204	-0.511818	-0.532977	-0.121155	-0.105395
1.16875	-0.83446	-0.526841	-0.393957	-0.392998	-1.10777	-0.604187	-0.905866	-1.0721	-0.021126
1.19375	-0.925115	-0.542096	-0.394119	-0.393087	-1.36304	-0.666989	-1.06172	-1.32607	-0.014814
1.21875	-0.971986	-0.544557	-0.394148	-0.393132	-1.48154	-0.695708	-1.13866	-1.47196	-0.005124
1.24375	-0.997936	-0.549837	-0.394193	-0.393149	-1.53082	-0.711716	-1.17438	-1.52654	-0.002555
1.26875	-1.00485	-0.549841	-0.394196	-0.393157	-1.5525	-0.716186	-1.18731	-1.55204	-0.001072
1.29375	-0.997056	-0.545349	-0.394166	-0.393161	-1.56169	-0.712501	-1.186	-1.5626	-0.000519
1.31875	-0.984623	-0.53973	-0.394129	-0.393164	-1.56562	-0.707012	-1.18059	-1.56726	-0.00026
1.34375	-0.97691	-0.536831	-0.394118	-0.393172	-1.5674	-0.715249	-1.19139	-1.56925	-0.000153
1.36875	-0.970519	-0.537428	-0.394189	-0.39322	-1.56868	-0.809	-1.2808	-1.57012	-0.000105
1.39375	-0.955098	-0.537125	-0.394305	-0.393311	-1.56962	-0.997349	-1.39707	-1.5705	-8.7e-05
1.41875	-0.929728	-0.530807	-0.394314	-0.393356	-1.57006	-1.11531	-1.45532	-1.57067	-8e-05
1.44375	-0.89311	-0.518216	-0.394198	-0.393338	-1.57023	-1.15121	-1.47752	-1.57074	-7.5e-05
1.46875	-0.810386	-0.489263	-0.393843	-0.393216	-1.56995	-1.02658	-1.42961	-1.57077	-7.1e-05
1.49375	-0.598956	-0.436767	-0.393231	-0.39299	-1.54336	-0.667885	-0.963434	-1.23263	-2.2e-05
1.51875	-0.193499	-0.168786	-0.39057	-0.392777	-0.754883	-0.389336	-0.548584	-1.05447	-1.2e-05
1.54375	0.033052	-0.252789	-0.391354	-0.404545	0.242935	-0.201372	0.069074	0.2156	0.140233
1.56875	0.12875	-0.238904	-0.391214	-0.394751	0.521393	-0.133393	0.237205	0.487431	0.028093
1.59375	0.183939	-0.238894	-0.391226	-0.39397	0.676955	-0.0941	0.341022	0.668806	0.01969
1.61875	0.211096	-0.234652	-0.391195	-0.392835	0.735955	-0.075965	0.382736	0.732264	0.006795
1.64375	0.218045	-0.23555	-0.391201	-0.392529	0.763286	-0.070565	0.398897	0.763093	0.003376
1.66875	0.209884	-0.24052	-0.391235	-0.392354	0.774571	-0.074085	0.398526	0.775604	0.001403
1.69375	0.197989	-0.246051	-0.391273	-0.392287	0.779495	-0.078877	0.394335	0.781188	0.000666
1.71875	0.190871	-0.248643	-0.391279	-0.392248	0.781711	-0.066814	0.409811	0.783558	0.000321
1.74375	0.184106	-0.247802	-0.391198	-0.39218	0.78322	0.040721	0.508398	0.784599	0.000179
1.76875	0.167528	-0.248635	-0.391088	-0.392085	0.784205	0.227824	0.619581	0.785051	0.000117
1.79375	0.141411	-0.255496	-0.391091	-0.392044	0.784655	0.336987	0.673544	0.785246	9.2e-05
1.81875	0.102682	-0.269022	-0.391223	-0.392068	0.784818	0.363765	0.692184	0.78533	8.1e-05
1.84375	0.010766	-0.300573	-0.391611	-0.392204	0.784427	0.211586	0.626756	0.785363	7.4e-05
1.86875	-0.207135	-0.352907	-0.392219	-0.39243	0.747452	-0.144398	0.118802	0.782065	4.2e-05
1.89375	-0.232187	-0.360291	-0.392301	-0.392451	0.677023	-0.170158	0.107009	0.075915	1.5e-05
1.91875	-0.635881	-0.449047	-0.393274	-0.392923	-0.887889	-0.552252	-0.813396	-1.00615	-4.2e-05
1.94375	-0.836827	-0.502186	-0.393765	-0.393045	-1.20792	-0.620856	-0.977261	-1.29318	-5.6e-05
1.96875	-0.93056	-0.52713	-0.393998	-0.393116	-1.4285	-0.679239	-1.11004	-1.45879	-6.4e-05
1.99375	-0.979597	-0.541822	-0.394124	-0.393142	-1.50469	-0.703157	-1.15944	-1.52062	-6.7e-05
2.01875	-0.999054	-0.547377	-0.394173	-0.393154	-1.54198	-0.71391	-1.18275	-1.54954	-6.9e-05
2.04375	-0.998169	-0.545784	-0.394167	-0.39316	-1.557	-0.713315	-1.18619	-1.56151	-6.9e-05
2.06875	-0.987065	-0.540685	-0.394134	-0.393163	-1.56365	-0.70791	-1.18137	-1.56679	-7e-05
2.09375	-0.978294	-0.537111	-0.394114	-0.393168	-1.56648	-0.708819	-1.1834	-1.56905	-7e-05
2.11875	-0.972744	-0.536843	-0.394154	-0.393198	-1.56809	-0.7647	-1.2431	-1.57003	-7e-05
2.14375	-0.960997	-0.537784	-0.394277	-0.393285	-1.56931	-0.942704	-1.36824	-1.57046	-7.1e-05
2.16875	-0.938144	-0.533263	-0.394324	-0.393349	-1.56992	-1.08893	-1.4421	-1.57065	-7.3e-05
2.19375	-0.906408	-0.523011	-0.39425	-0.393351	-1.57019	-1.14982	-1.47451	-1.57073	-7.3e-05
2.21875	-0.845213	-0.500889	-0.393987	-0.393267	-1.57014	-1.09507	-1.46134	-1.57077	-7.1e-05
2.24375	-0.671679	-0.452447	-0.393412	-0.393065	-1.56621	-0.771043	-1.1618	-1.53368	-3e-05
2.26875	-0.543693	-0.42384	-0.393085	-0.392925	-1.18831	-0.604507	-0.877834	-0.752596	-1.4e-05
2.29375	-0.045018	-0.305444	-0.391865	-0.392448	0.154012	-0.249169	-0.009702	0.245872	1.9e-05
2.31875	0.074353	-0.276473	-0.391578	-0.392346	0.460241	-0.16623	0.186334	0.523673	5e-05
2.34375	0.16152	-0.253269	-0.391361	-0.392279	0.655808	-0.107409	0.320602	0.679081	6e-05
2.36875	0.200267	-0.241682	-0.391261	-0.392256	0.725605	-0.082392	0.372998	0.737944	6.5e-05
2.39375	0.215951	-0.237386	-0.391221	-0.392245	0.759116	-0.071942	0.396383	0.765257	6.7e-05
2.41875	0.212522	-0.239855	-0.391234	-0.392239	0.77273	-0.072874	0.399656	0.776605	6.8e-05
2.44375	0.200851	-0.245098	-0.391268	-0.392236	0.778722	-0.078091	0.395151	0.781605	6.8e-05
2.46875	0.192421	-0.248437	-0.391285	-0.392231	0.781303	-0.075179	0.399709	0.78374	6.8e-05
2.49375	0.186709	-0.248387	-0.391235	-0.392195	0.78285	-0.007916	0.469171	0.784674	6.8e-05
