1.01875	-0.35208	-0.375051	-0.391249	-0.390949	0.724088	-0.044441	0.262399	0.777899	0.401185
1.04375	-0.352386	-0.375183	-0.391259	-0.390959	0.723835	-0.046253	0.260257	0.778111	0.401293
1.06875	-0.352751	-0.375344	-0.391272	-0.390974	0.723362	-0.048543	0.257524	0.778158	0.401339
1.09375	-0.353707	-0.375768	-0.391307	-0.391016	0.721851	-0.054768	0.249984	0.778019	0.401358
1.11875	-0.358936	-0.378076	-0.391499	-0.391249	0.710628	-0.091337	0.202082	0.776646	0.401356
1.14375	-0.376891	-0.38588	-0.392142	-0.392026	0.465051	-0.245596	-0.077105	0.721366	0.400905
1.16875	-0.40093	-0.396278	-0.392989	-0.393038	-0.51238	-0.457906	-0.503381	-0.528161	-0.143379
1.19375	-0.423996	-0.406226	-0.393777	-0.39393	-1.117	-0.648329	-0.8589	-1.12866	-0.269553
1.21875	-0.433775	-0.410366	-0.394072	-0.394204	-1.33911	-0.719907	-0.987603	-1.37414	-0.349219
1.24375	-0.439235	-0.41267	-0.394233	-0.394346	-1.44533	-0.758389	-1.05499	-1.48345	-0.377771
1.26875	-0.440134	-0.413075	-0.394273	-0.394404	-1.48748	-0.768239	-1.07539	-1.5297	-0.391447
1.29375	-0.438108	-0.412279	-0.394243	-0.394435	-1.50311	-0.761847	-1.0713	-1.54945	-0.397034
1.31875	-0.435716	-0.411323	-0.3942	-0.394451	-1.50746	-0.751891	-1.06035	-1.55765	-0.399516
1.34375	-0.434465	-0.410821	-0.394177	-0.394459	-1.509	-0.746519	-1.05424	-1.56115	-0.40057
1.36875	-0.433857	-0.410575	-0.394165	-0.394459	-1.50956	-0.743786	-1.0511	-1.56265	-0.401029
1.39375	-0.433457	-0.410408	-0.394154	-0.394454	-1.50959	-0.74173	-1.04871	-1.56327	-0.401226
1.41875	-0.433134	-0.410269	-0.394144	-0.394445	-1.50937	-0.739876	-1.04652	-1.56351	-0.401311
1.44375	-0.432818	-0.41013	-0.394133	-0.394433	-1.50901	-0.737935	-1.04421	-1.56358	-0.401348
1.46875	-0.432234	-0.409872	-0.394112	-0.394407	-1.50813	-0.73418	-1.0397	-1.56352	-0.401363
1.49375	-0.429732	-0.408764	-0.39402	-0.394296	-1.50368	-0.717414	-1.01882	-1.563	-0.401366
1.51875	-0.416328	-0.402901	-0.393535	-0.393709	-1.43691	-0.61118	-0.851367	-1.55373	-0.401301
1.54375	-0.383367	-0.38867	-0.392376	-0.392322	-0.120834	-0.315245	-0.24193	-0.260243	0.020751
1.56875	-0.361685	-0.379309	-0.391638	-0.391496	0.343768	-0.140484	0.068792	0.338007	0.244987
1.59375	-0.351356	-0.374929	-0.391323	-0.391198	0.57161	-0.064025	0.206378	0.58742	0.332043
1.61875	-0.346149	-0.372727	-0.391167	-0.391057	0.664714	-0.027103	0.269904	0.697261	0.371878
1.64375	-0.345465	-0.372406	-0.391131	-0.390996	0.704564	-0.018025	0.289273	0.743978	0.38855
1.66875	-0.347603	-0.373246	-0.391162	-0.390965	0.718312	-0.02498	0.284241	0.763863	0.395864
1.69375	-0.349875	-0.374154	-0.391203	-0.390948	0.722262	-0.034401	0.273885	0.772159	0.398991
1.71875	-0.351021	-0.374613	-0.391224	-0.390941	0.723673	-0.039288	0.268352	0.775711	0.400347
1.74375	-0.351591	-0.374845	-0.391236	-0.390941	0.724173	-0.041859	0.265412	0.777229	0.400931
1.76875	-0.351979	-0.375007	-0.391246	-0.390947	0.724173	-0.043873	0.263067	0.777858	0.401183
1.79375	-0.352296	-0.375144	-0.391256	-0.390956	0.723944	-0.045706	0.260906	0.778102	0.401292
1.81875	-0.352619	-0.375286	-0.391267	-0.390969	0.723555	-0.047702	0.25853	0.778172	0.401339
1.84375	-0.35327	-0.375574	-0.391291	-0.390997	0.722569	-0.051898	0.253479	0.778102	0.401358
1.86875	-0.356259	-0.376897	-0.391401	-0.39113	0.717077	-0.072085	0.22812	0.77745	0.401362
1.89375	-0.371105	-0.383379	-0.391937	-0.391778	0.623374	-0.19236	0.031191	0.763633	0.401263
1.91875	-0.392472	-0.392581	-0.392689	-0.392686	-0.36926	-0.393517	-0.403598	-0.166682	0.119099
1.94375	-0.420926	-0.404914	-0.393681	-0.393836	-1.07144	-0.626452	-0.823524	-1.052	-0.21702
1.96875	-0.431557	-0.40943	-0.394009	-0.394151	-1.3148	-0.705791	-0.966571	-1.32255	-0.312464
1.99375	-0.438367	-0.412304	-0.394209	-0.394326	-1.43578	-0.75288	-1.04666	-1.46545	-0.365167
2.01875	-0.44033	-0.413145	-0.394273	-0.394393	-1.48381	-0.768269	-1.07465	-1.52102	-0.385251
2.04375	-0.438938	-0.41261	-0.394258	-0.394429	-1.50257	-0.765266	-1.07522	-1.54606	-0.394536
2.06875	-0.436345	-0.411575	-0.394212	-0.394448	-1.50766	-0.754678	-1.06374	-1.55619	-0.398398
2.09375	-0.434752	-0.410936	-0.394183	-0.394457	-1.50911	-0.7478	-1.0558	-1.56054	-0.400097
2.11875	-0.43401	-0.410637	-0.394168	-0.39446	-1.50965	-0.744521	-1.052	-1.56238	-0.400823
2.14375	-0.433569	-0.410455	-0.394158	-0.394456	-1.5097	-0.742342	-1.04944	-1.56316	-0.401138
2.16875	-0.433227	-0.410309	-0.394147	-0.394448	-1.50949	-0.740427	-1.04718	-1.56347	-0.401273
2.19375	-0.432922	-0.410176	-0.394137	-0.394437	-1.50916	-0.738586	-1.04499	-1.56358	-0.401331
2.21875	-0.43248	-0.409981	-0.394121	-0.394418	-1.50852	-0.735772	-1.04162	-1.56356	-0.401356
2.24375	-0.430987	-0.40932	-0.394066	-0.394352	-1.50604	-0.725945	-1.0296	-1.56329	-0.401365
2.26875	-0.422213	-0.405462	-0.393746	-0.393964	-1.48075	-0.661131	-0.938201	-1.56007	-0.401346
2.29375	-0.393856	-0.393198	-0.392741	-0.392749	-0.665551	-0.40395	-0.424152	-0.956523	-0.258446
2.31875	-0.365204	-0.380806	-0.391749	-0.391605	0.229305	-0.167029	0.018923	0.197974	0.189142
2.34375	-0.353821	-0.375967	-0.391395	-0.391261	0.493421	-0.08129	0.174475	0.489683	0.292953
2.36875	-0.347038	-0.373102	-0.391194	-0.391081	0.637583	-0.033398	0.258316	0.663705	0.358476
2.39375	-0.34524	-0.372324	-0.391131	-0.391009	0.692061	-0.018211	0.287117	0.727585	0.381961
2.41875	-0.346785	-0.37292	-0.391148	-0.390971	0.714249	-0.021734	0.287501	0.757373	0.393207
2.44375	-0.349299	-0.373923	-0.391192	-0.390951	0.720795	-0.031918	0.276686	0.769298	0.397802
2.46875	-0.35076	-0.374508	-0.391219	-0.390942	0.723076	-0.038148	0.269645	0.774503	0.399844
2.49375	-0.351447	-0.374785	-0.391233	-0.39094	0.72396	-0.041169	0.266207	0.776708	0.400712
2.51875	-0.35187	-0.374961	-0.391243	-0.390944	0.724153	-0.043277	0.263764	0.777643	0.401089
2.54375	-0.352204	-0.375104	-0.391253	-0.390953	0.724004	-0.045161	0.261551	0.778017	0.401251
2.56875	-0.35251	-0.375238	-0.391264	-0.390964	0.72369	-0.047018	0.259346	0.778149	0.401321
2.59375	-0.35299	-0.37545	-0.391281	-0.390984	0.723004	-0.05008	0.255677	0.778138	0.401351
2.61875	-0.354745	-0.376227	-0.391346	-0.391063	0.72004	-0.06169	0.241408	0.777808	0.401361
2.64375	-0.364976	-0.380718	-0.391718	-0.391514	0.685896	-0.138968	0.128749	0.77339	0.401335
2.66875	-0.382179	-0.388156	-0.392328	-0.392251	0.197587	-0.296343	-0.189725	0.511841	0.397128
2.69375	-0.414846	-0.402293	-0.393478	-0.393618	-0.945999	-0.580762	-0.744821	-0.914594	-0.161402
2.71875	-0.428453	-0.408117	-0.393916	-0.394066	-1.23197	-0.683135	-0.924815	-1.22708	-0.273537
2.74375	-0.4368	-0.411644	-0.394163	-0.394288	-1.4063	-0.742339	-1.02873	-1.43257	-0.351819
2.76875	-0.440101	-0.41304	-0.394262	-0.394376	-1.47006	-0.765573	-1.06888	-1.50496	-0.378689
2.79375	-0.439608	-0.412874	-0.394268	-0.39442	-1.49796	-0.76755	-1.077	-1.5397	-0.39189
2.81875	-0.437071	-0.411865	-0.394225	-0.394443	-1.50626	-0.757741	-1.06716	-1.55342	-0.397213
2.84375	-0.435106	-0.411078	-0.394189	-0.394455	-1.5086	-0.74933	-1.05755	-1.55937	-0.399596
2.86875	-0.434184	-0.410708	-0.394172	-0.39446	-1.50945	-0.745311	-1.0529	-1.56188	-0.400604
2.89375	-0.433687	-0.410505	-0.394161	-0.394458	-1.50968	-0.742959	-1.05017	-1.56296	-0.401044
2.91875	-0.433323	-0.410351	-0.394151	-0.39445	-1.50955	-0.740985	-1.04784	-1.56339	-0.401233
2.94375	-0.433016	-0.410217	-0.394141	-0.39444	-1.50926	-0.739166	-1.04568	-1.56355	-0.401314
2.96875	-0.432652	-0.410057	-0.394128	-0.394426	-1.50878	-0.736883	-1.04296	-1.56358	-0.401349
2.99375	-0.431706	-0.409638	-0.394093	-0.394384	-1.50728	-0.730723	-1.0355	-1.56343	-0.401363
3.01875	-0.42655	-0.407362	-0.393903	-0.394155	-1.49627	-0.694699	-0.988374	-1.56208	-0.40136
3.04375	-0.408615	-0.399566	-0.393262	-0.393378	-1.25061	-0.54091	-0.71055	-1.47423	-0.293101
3.06875	-0.3693	-0.382556	-0.391883	-0.391749	0.109728	-0.201072	-0.047517	0.094104	0.182209
3.09375	-0.35695	-0.377289	-0.39149	-0.391351	0.409988	-0.105465	0.128095	0.417012	0.2881
3.11875	-0.348342	-0.373649	-0.391231	-0.391112	0.608648	-0.042775	0.241049	0.638747	0.356812
3.14375	-0.345352	-0.372381	-0.39114	-0.391025	0.678441	-0.020535	0.281367	0.71539	0.381143
3.16875	-0.346054	-0.372631	-0.391137	-0.390979	0.709753	-0.019191	0.289459	0.752579	0.392878
3.19375	-0.348605	-0.373645	-0.39118	-0.390956	0.719362	-0.029014	0.279834	0.767224	0.397655
3.21875	-0.35043	-0.374376	-0.391213	-0.390944	0.722526	-0.036744	0.271202	0.773632	0.399782
3.24375	-0.351281	-0.374718	-0.391229	-0.39094	0.723754	-0.040417	0.267053	0.776332	0.400685
3.26875	-0.351754	-0.374912	-0.39124	-0.390942	0.724132	-0.042669	0.264467	0.77749	0.401078
3.29375	-0.352109	-0.375063	-0.39125	-0.39095	0.724064	-0.044609	0.262199	0.777959	0.401246
3.31875	-0.352414	-0.375195	-0.39126	-0.39096	0.723802	-0.046422	0.260056	0.778134	0.401319
3.34375	-0.352798	-0.375365	-0.391274	-0.390976	0.723293	-0.048842	0.257165	0.778161	0.40135
3.36875	-0.353887	-0.375847	-0.391314	-0.391024	0.721549	-0.055954	0.24853	0.777987	0.401362
3.39375	-0.360056	-0.378567	-0.39154	-0.391298	0.707329	-0.099734	0.190106	0.776229	0.401355
3.41875	-0.378374	-0.386519	-0.392194	-0.392089	0.40218	-0.259647	-0.107102	0.691484	0.400604
3.44375	-0.404261	-0.397694	-0.393103	-0.393173	-0.83008	-0.489953	-0.584	-0.867314	-0.16062
3.46875	-0.425069	-0.406677	-0.39381	-0.393962	-1.18717	-0.657319	-0.879482	-1.19952	-0.273032
3.49375	-0.434521	-0.410678	-0.394094	-0.394223	-1.38515	-0.725767	-1.00081	-1.42226	-0.35164
3.51875	-0.439483	-0.412774	-0.39424	-0.394353	-1.46154	-0.760422	-1.05965	-1.50016	-0.378603
3.54375	-0.440047	-0.413042	-0.394272	-0.394407	-1.49508	-0.768318	-1.07654	-1.53782	-0.391855
3.56875	-0.437863	-0.412181	-0.394239	-0.394437	-1.50591	-0.760915	-1.07057	-1.55271	-0.397199
3.59375	-0.435557	-0.411259	-0.394197	-0.394452	-1.50863	-0.751229	-1.0597	-1.55909	-0.39959
3.61875	-0.434393	-0.410792	-0.394176	-0.394459	-1.50949	-0.746214	-1.05394	-1.56176	-0.400602
3.64375	-0.433815	-0.410558	-0.394164	-0.394459	-1.50975	-0.74359	-1.0509	-1.56291	-0.401043
3.66875	-0.433425	-0.410394	-0.394154	-0.394453	-1.50965	-0.741555	-1.04851	-1.56338	-0.401232
3.69375	-0.433107	-0.410257	-0.394144	-0.394444	-1.50938	-0.739714	-1.04633	-1.56356	-0.401314
3.71875	-0.432784	-0.410115	-0.394132	-0.394431	-1.50897	-0.737719	-1.04396	-1.5636	-0.401349
3.74375	-0.432139	-0.40983	-0.394109	-0.394403	-1.50799	-0.733558	-1.03895	-1.56351	-0.401363
3.76875	-0.42919	-0.408525	-0.394	-0.394272	-1.50258	-0.71366	-1.01397	-1.56287	-0.401365
3.79375	-0.414451	-0.402088	-0.393468	-0.393628	-1.4113	-0.59444	-0.819324	-1.54948	-0.401268
3.81875	-0.378326	-0.386491	-0.392198	-0.39211	-0.028726	-0.269098	-0.152512	-0.21274	0.021324
3.84375	-0.360225	-0.378685	-0.391591	-0.391446	0.365098	-0.128387	0.091355	0.347977	0.245105
3.86875	-0.350379	-0.374514	-0.391292	-0.391167	0.585292	-0.05621	0.220765	0.59419	0.332124
3.89375	-0.345839	-0.372594	-0.391157	-0.391046	0.669551	-0.024461	0.274883	0.699608	0.371906
3.91875	-0.345531	-0.372429	-0.39113	-0.390991	0.706636	-0.017695	0.290528	0.745091	0.388563
3.94375	-0.347827	-0.373335	-0.391166	-0.390962	0.718876	-0.025762	0.283601	0.764278	0.395869
3.96875	-0.350014	-0.37421	-0.391206	-0.390947	0.722446	-0.03494	0.27335	0.772336	0.398994
3.99375	-0.351084	-0.374639	-0.391225	-0.390941	0.723745	-0.039542	0.268095	0.775785	0.400349
4.01875	-0.35163	-0.374861	-0.391237	-0.390941	0.724188	-0.042037	0.265219	0.777259	0.400932
4.04375	-0.352009	-0.375021	-0.391247	-0.390948	0.724159	-0.04404	0.262877	0.777869	0.401184
4.06875	-0.352323	-0.375156	-0.391257	-0.390957	0.723917	-0.045866	0.260719	0.778104	0.401292
4.09375	-0.352655	-0.375302	-0.391269	-0.39097	0.723505	-0.047933	0.258256	0.778168	0.401339
4.11875	-0.35338	-0.375623	-0.391295	-0.391002	0.722391	-0.052618	0.252606	0.778082	0.401358
4.14375	-0.356912	-0.377185	-0.391425	-0.391159	0.715662	-0.076678	0.222082	0.777275	0.401361
4.16875	-0.372944	-0.384175	-0.392002	-0.391857	0.587671	-0.209039	-0.001902	0.756773	0.40121
4.19375	-0.395283	-0.393811	-0.39279	-0.392809	-0.414346	-0.416934	-0.441928	-0.218728	0.11818
4.21875	-0.4219	-0.405331	-0.393712	-0.393868	-1.08434	-0.633855	-0.835817	-1.06313	-0.21721
4.24375	-0.432274	-0.409733	-0.39403	-0.394169	-1.32218	-0.710669	-0.974138	-1.33002	-0.312594
4.26875	-0.438667	-0.41243	-0.394217	-0.394332	-1.43861	-0.754845	-1.0497	-1.46807	-0.365212
4.29375	-0.440304	-0.413137	-0.394273	-0.394396	-1.48494	-0.768473	-1.07521	-1.52227	-0.385273
4.31875	-0.438696	-0.412514	-0.394254	-0.394431	-1.50274	-0.764307	-1.07416	-1.54653	-0.394544
4.34375	-0.436143	-0.411494	-0.394208	-0.394449	-1.50758	-0.753794	-1.06268	-1.55638	-0.398401
4.36875	-0.434659	-0.410899	-0.394181	-0.394458	-1.50906	-0.747389	-1.0553	-1.56062	-0.400099
4.39375	-0.433962	-0.410618	-0.394167	-0.39446	-1.50962	-0.744294	-1.05172	-1.56242	-0.400824
4.41875	-0.433535	-0.410441	-0.394157	-0.394455	-1.50967	-0.742157	-1.04922	-1.56318	-0.401138
4.44375	-0.433199	-0.410297	-0.394147	-0.394447	-1.50945	-0.740261	-1.04699	-1.56347	-0.401273
4.46875	-0.432893	-0.410163	-0.394136	-0.394436	-1.50911	-0.738401	-1.04477	-1.56357	-0.401331
4.49375	-0.432416	-0.409952	-0.394119	-0.394415	-1.50842	-0.735358	-1.04113	-1.56355	-0.401356
4.51875	-0.430683	-0.409185	-0.394055	-0.394338	-1.50549	-0.723897	-1.02704	-1.56322	-0.401364
4.54375	-0.420567	-0.404744	-0.393687	-0.393892	-1.47215	-0.647625	-0.91615	-1.55891	-0.401338
4.56875	-0.39148	-0.392161	-0.392655	-0.392645	-0.601423	-0.384058	-0.388244	-0.893241	-0.256825
4.59375	-0.364325	-0.38043	-0.391721	-0.391578	0.243323	-0.160597	0.029688	0.210789	0.189467
4.61875	-0.353178	-0.375696	-0.391376	-0.391245	0.502906	-0.077017	0.181421	0.498608	0.293181
4.64375	-0.346785	-0.372995	-0.391187	-0.391075	0.640922	-0.031743	0.260967	0.666776	0.358554
4.66875	-0.345302	-0.372347	-0.391131	-0.391006	0.693478	-0.018211	0.287437	0.729067	0.381999
4.69375	-0.347037	-0.373021	-0.391153	-0.39097	0.714519	-0.022763	0.286355	0.757933	0.393222
4.71875	-0.34949	-0.374	-0.391196	-0.390951	0.720788	-0.032759	0.275679	0.769532	0.397808
4.74375	-0.350846	-0.374543	-0.391221	-0.390942	0.723064	-0.038534	0.269182	0.774601	0.399847
4.76875	-0.351493	-0.374804	-0.391234	-0.39094	0.723942	-0.04139	0.265942	0.776749	0.400713
4.79375	-0.351904	-0.374975	-0.391244	-0.390945	0.724124	-0.043461	0.263545	0.777658	0.40109
4.81875	-0.352232	-0.375116	-0.391254	-0.390954	0.723971	-0.045326	0.261354	0.778021	0.401252
4.84375	-0.352541	-0.375251	-0.391265	-0.390965	0.723646	-0.047213	0.259114	0.778147	0.401321
4.86875	-0.353062	-0.375482	-0.391284	-0.390988	0.72289	-0.050549	0.255111	0.778126	0.401351
4.89375	-0.355111	-0.376389	-0.391359	-0.391079	0.719359	-0.064174	0.23828	0.777725	0.401361
4.91875	-0.366751	-0.381491	-0.391782	-0.391591	0.673693	-0.154001	0.10283	0.771671	0.401322
4.94375	-0.383056	-0.388532	-0.392358	-0.392288	0.114154	-0.304648	-0.209124	0.302708	0.176953
4.96875	-0.418129	-0.403722	-0.393589	-0.393739	-0.969033	-0.602615	-0.774659	-0.957226	-0.205443
4.99375	-0.429461	-0.408547	-0.393946	-0.394093	-1.24525	-0.689511	-0.934159	-1.25656	-0.304363
5.01875	-0.437454	-0.411922	-0.394183	-0.394305	-1.4114	-0.746329	-1.03421	-1.44275	-0.362389
5.04375	-0.440236	-0.4131	-0.394267	-0.394383	-1.47231	-0.766601	-1.07043	-1.50993	-0.383886
5.06875	-0.439444	-0.412811	-0.394266	-0.394424	-1.49861	-0.767022	-1.07648	-1.54167	-0.393986
5.09375	-0.43685	-0.411777	-0.394221	-0.394445	-1.50632	-0.756798	-1.06602	-1.55428	-0.398152
5.11875	-0.434994	-0.411034	-0.394187	-0.394456	-1.50859	-0.748839	-1.05695	-1.55973	-0.399993
5.14375	-0.43413	-0.410686	-0.394171	-0.39446	-1.50944	-0.745065	-1.05261	-1.56204	-0.400778
5.16875	-0.433651	-0.41049	-0.39416	-0.394457	-1.50966	-0.742773	-1.04994	-1.56302	-0.401119
5.19375	-0.433294	-0.410338	-0.39415	-0.394449	-1.50952	-0.740816	-1.04764	-1.56342	-0.401265
5.21875	-0.432989	-0.410205	-0.39414	-0.394439	-1.50923	-0.738997	-1.04548	-1.56356	-0.401328
5.24375	-0.432606	-0.410037	-0.394126	-0.394424	-1.50871	-0.736586	-1.0426	-1.56357	-0.401355
5.26875	-0.431529	-0.40956	-0.394086	-0.394376	-1.50698	-0.729553	-1.03406	-1.5634	-0.401365
5.29375	-0.425444	-0.406876	-0.393863	-0.394106	-1.49304	-0.686422	-0.976599	-1.56167	-0.401358
5.31875	-0.404707	-0.397899	-0.393126	-0.393215	-0.892931	-0.503122	-0.617758	-1.08426	-0.260267
5.34375	-0.368211	-0.382095	-0.391847	-0.391712	0.181872	-0.191769	-0.026622	0.172175	0.188776
5.36875	-0.356082	-0.376926	-0.391464	-0.391328	0.460504	-0.098679	0.142949	0.471663	0.292697
5.39375	-0.347956	-0.373488	-0.391221	-0.391104	0.626078	-0.040048	0.246631	0.657499	0.358388
5.41875	-0.345305	-0.372359	-0.391137	-0.391021	0.686851	-0.019808	0.283379	0.724589	0.381918
5.44375	-0.346269	-0.372716	-0.39114	-0.390977	0.712851	-0.019938	0.288998	0.756253	0.393191
5.46875	-0.348829	-0.373735	-0.391184	-0.390955	0.720551	-0.02996	0.278843	0.768845	0.397795
5.49375	-0.35054	-0.37442	-0.391215	-0.390944	0.723006	-0.037215	0.270691	0.774315	0.399841
5.51875	-0.351334	-0.37474	-0.39123	-0.39094	0.723955	-0.040658	0.266787	0.776629	0.40071
5.54375	-0.35179	-0.374928	-0.391241	-0.390943	0.724198	-0.042856	0.264254	0.777615	0.401089
5.56875	-0.352138	-0.375076	-0.391251	-0.390951	0.724072	-0.044777	0.262003	0.778011	0.401251
5.59375	-0.352442	-0.375208	-0.391261	-0.390961	0.723781	-0.046595	0.25985	0.778153	0.401321
5.61875	-0.352849	-0.375387	-0.391276	-0.390978	0.723222	-0.04917	0.256771	0.778162	0.401351
5.64375	-0.354097	-0.37594	-0.391322	-0.391034	0.721192	-0.057349	0.246811	0.777948	0.401362
5.66875	-0.361343	-0.379131	-0.391587	-0.391355	0.702965	-0.109633	0.175475	0.775669	0.401351
5.69375	-0.379705	-0.387092	-0.392241	-0.392146	0.339406	-0.272417	-0.135154	0.649185	0.400087
5.71875	-0.409306	-0.399873	-0.39328	-0.393385	-0.900135	-0.536538	-0.675418	-0.884844	-0.160794
5.74375	-0.426475	-0.407276	-0.393855	-0.39401	-1.20781	-0.669106	-0.902046	-1.2073	-0.273118
5.76875	-0.43549	-0.411089	-0.394124	-0.394254	-1.39648	-0.733569	-1.0154	-1.42559	-0.351674
5.79375	-0.439788	-0.412904	-0.39425	-0.394364	-1.46584	-0.763038	-1.06468	-1.5016	-0.378619
5.81875	-0.439981	-0.413019	-0.394273	-0.394413	-1.49682	-0.768646	-1.07783	-1.53841	-0.391862
5.84375	-0.437637	-0.412092	-0.394235	-0.39444	-1.50635	-0.760126	-1.06994	-1.55293	-0.397201
5.86875	-0.435417	-0.411203	-0.394195	-0.394454	-1.50875	-0.750684	-1.05917	-1.55918	-0.399591
5.89375	-0.434329	-0.410766	-0.394175	-0.39446	-1.50953	-0.745957	-1.05368	-1.5618	-0.400602
5.91875	-0.433777	-0.410542	-0.394163	-0.394459	-1.50976	-0.743411	-1.05071	-1.56293	-0.401043
5.94375	-0.433394	-0.410381	-0.394153	-0.394452	-1.50963	-0.741388	-1.04832	-1.56338	-0.401232
5.96875	-0.43308	-0.410245	-0.394143	-0.394443	-1.50935	-0.739553	-1.04615	-1.56355	-0.401314
5.99375	-0.432748	-0.410099	-0.394131	-0.39443	-1.50892	-0.737489	-1.04368	-1.56359	-0.401349
