1.01875	-0.265808	-0.333992	-0.386626	-0.388871	-0.153787	-0.337961	-0.311143	-0.041147	0.221507
1.04375	-0.300664	-0.352069	-0.388767	-0.390344	-0.254372	-0.367145	-0.35476	-0.174727	0.162705
1.06875	-0.33635	-0.368476	-0.390433	-0.391373	-0.317007	-0.38101	-0.375217	-0.268859	0.102978
1.09375	-0.369507	-0.382706	-0.39176	-0.392146	-0.361235	-0.387692	-0.385232	-0.341431	0.042387
1.11875	-0.415871	-0.402047	-0.393465	-0.393084	-0.411393	-0.392049	-0.391858	-0.42973	-0.039293
1.14375	-0.506647	-0.445549	-0.39793	-0.395768	-0.641381	-0.41084	-0.425863	-0.800765	-0.221221
1.16875	-0.588888	-0.507188	-0.408895	-0.405323	-1.21127	-0.760258	-0.942929	-1.29233	-0.328989
1.19375	-0.628726	-0.537839	-0.414893	-0.410944	-1.37871	-0.97719	-1.18118	-1.43437	-0.368873
1.21875	-0.649807	-0.553805	-0.417895	-0.413631	-1.47099	-1.06914	-1.28956	-1.51223	-0.387631
1.24375	-0.660618	-0.561917	-0.419425	-0.414991	-1.50674	-1.11341	-1.33769	-1.54209	-0.395372
1.26875	-0.663805	-0.564368	-0.419895	-0.415426	-1.5229	-1.12975	-1.35709	-1.55581	-0.398796
1.29375	-0.661385	-0.562674	-0.419595	-0.415202	-1.5286	-1.1291	-1.3604	-1.56137	-0.400252
1.31875	-0.654863	-0.557037	-0.418332	-0.413972	-1.5258	-1.09091	-1.33448	-1.56287	-0.40087
1.34375	-0.624449	-0.527772	-0.411654	-0.407348	-1.39184	-0.795492	-0.99692	-1.51786	-0.399495
1.36875	-0.573947	-0.48574	-0.403826	-0.400486	-0.908692	-0.555609	-0.629513	-1.09335	-0.338257
1.39375	-0.534833	-0.460158	-0.399948	-0.397405	-0.688925	-0.470189	-0.507929	-0.814268	-0.248308
1.41875	-0.498294	-0.440072	-0.39739	-0.395558	-0.563501	-0.427335	-0.443944	-0.656819	-0.185573
1.44375	-0.463985	-0.423596	-0.395619	-0.394418	-0.491402	-0.408989	-0.417017	-0.552506	-0.128389
1.46875	-0.426565	-0.407246	-0.394063	-0.3935	-0.437979	-0.399806	-0.403291	-0.466994	-0.062317
1.49375	-0.365016	-0.381448	-0.391779	-0.392242	-0.370412	-0.393803	-0.394168	-0.348399	0.045427
1.51875	-0.272771	-0.335527	-0.386801	-0.389116	-0.082673	-0.364062	-0.338778	0.078745	0.233666
1.54375	-0.191611	-0.27393	-0.375595	-0.379197	0.449284	0.013581	0.201385	0.52296	0.332152
1.56875	-0.154556	-0.245834	-0.370165	-0.374142	0.604451	0.202996	0.408271	0.658573	0.37075
1.59375	-0.134284	-0.230539	-0.367294	-0.371577	0.690251	0.290536	0.511477	0.730368	0.388322
1.61875	-0.124245	-0.223054	-0.365891	-0.370332	0.723402	0.330582	0.555061	0.758358	0.395697
1.64375	-0.121658	-0.221055	-0.365505	-0.36997	0.73831	0.345057	0.572664	0.771091	0.398929
1.66875	-0.124463	-0.223057	-0.365868	-0.370252	0.743382	0.342672	0.574532	0.776246	0.40031
1.69375	-0.13178	-0.229568	-0.367361	-0.371732	0.738689	0.293784	0.539983	0.777242	0.400887
1.71875	-0.166155	-0.262358	-0.374722	-0.378962	0.563535	-0.028099	0.157784	0.709308	0.398222
1.74375	-0.215507	-0.302591	-0.382051	-0.385304	0.091442	-0.240598	-0.171304	0.266955	0.327819
1.76875	-0.254347	-0.327461	-0.385757	-0.388226	-0.111442	-0.321434	-0.286335	0.010585	0.241424
1.79375	-0.290452	-0.347022	-0.388204	-0.389972	-0.230606	-0.360518	-0.344977	-0.140833	0.179883
1.81875	-0.324986	-0.363422	-0.389941	-0.391079	-0.299817	-0.377646	-0.370168	-0.24187	0.1224
1.84375	-0.361288	-0.379216	-0.391437	-0.391958	-0.35082	-0.386148	-0.382916	-0.323982	0.05783
1.86875	-0.392487	-0.392241	-0.392608	-0.392623	-0.387069	-0.390428	-0.389346	-0.386383	-0.000833
1.89375	-0.481923	-0.431741	-0.396248	-0.394639	-0.51341	-0.398378	-0.40232	-0.612302	-0.161004
1.91875	-0.566843	-0.489425	-0.405399	-0.40208	-1.09213	-0.623721	-0.758643	-1.21629	-0.31182
1.94375	-0.619921	-0.53122	-0.413644	-0.409805	-1.34045	-0.936585	-1.13347	-1.40003	-0.359413
1.96875	-0.644497	-0.549738	-0.417121	-0.412937	-1.45108	-1.04479	-1.25994	-1.49771	-0.384021
1.99375	-0.658248	-0.560139	-0.419092	-0.414697	-1.49885	-1.10384	-1.3266	-1.53574	-0.393704
2.01875	-0.663523	-0.564119	-0.419842	-0.415369	-1.51948	-1.12654	-1.35262	-1.55311	-0.398101
2.04375	-0.66254	-0.563514	-0.419751	-0.415329	-1.52758	-1.13097	-1.36067	-1.56027	-0.399947
2.06875	-0.6576	-0.559591	-0.418941	-0.414593	-1.52842	-1.1128	-1.3503	-1.56296	-0.400749
2.09375	-0.638459	-0.540935	-0.41451	-0.41009	-1.47999	-0.917605	-1.16009	-1.55234	-0.400815
2.11875	-0.587487	-0.496055	-0.40557	-0.401931	-1.0366	-0.595759	-0.690031	-1.24103	-0.367637
2.14375	-0.54652	-0.467246	-0.400956	-0.398183	-0.739728	-0.491392	-0.537991	-0.877114	-0.271156
2.16875	-0.508837	-0.445556	-0.39804	-0.396005	-0.594739	-0.436019	-0.4567	-0.69887	-0.203398
2.19375	-0.474677	-0.428532	-0.396122	-0.39473	-0.510443	-0.413218	-0.423165	-0.581155	-0.146088
2.21875	-0.437707	-0.411999	-0.394502	-0.393754	-0.452511	-0.401867	-0.406342	-0.491137	-0.082855
2.24375	-0.392308	-0.393012	-0.392798	-0.392793	-0.399732	-0.395823	-0.397275	-0.400198	0.001325
2.26875	-0.298171	-0.350649	-0.388796	-0.390533	-0.246092	-0.385396	-0.379955	-0.128678	0.176527
2.29375	-0.211908	-0.290225	-0.378844	-0.382249	0.354622	-0.118176	0.035349	0.45836	0.315773
2.31875	-0.162928	-0.252101	-0.371342	-0.37521	0.567902	0.16502	0.364356	0.624691	0.361757
2.34375	-0.139273	-0.234342	-0.368021	-0.372229	0.673165	0.267428	0.4846	0.717084	0.384885
2.36875	-0.126394	-0.224663	-0.366193	-0.3706	0.716269	0.321698	0.545005	0.752304	0.39411
2.39375	-0.121761	-0.221171	-0.365534	-0.370006	0.735349	0.34229	0.568795	0.768578	0.398268
2.41875	-0.12322	-0.222139	-0.365694	-0.370107	0.742589	0.345119	0.575312	0.77522	0.40002
2.44375	-0.128564	-0.226497	-0.366619	-0.370968	0.742479	0.32205	0.561189	0.77758	0.400777
2.46875	-0.151078	-0.248418	-0.37177	-0.376169	0.673546	0.092605	0.323779	0.760282	0.400617
2.49375	-0.202529	-0.29295	-0.380451	-0.383987	0.204341	-0.204302	-0.118081	0.405464	0.358808
2.51875	-0.242682	-0.3205	-0.384783	-0.38748	-0.063138	-0.301258	-0.257659	0.070074	0.263407
2.54375	-0.280037	-0.341677	-0.387581	-0.389548	-0.201633	-0.352443	-0.333256	-0.100833	0.197548
2.56875	-0.314135	-0.35846	-0.389442	-0.390773	-0.281356	-0.373639	-0.36436	-0.213703	0.140465
2.59375	-0.351147	-0.37489	-0.391036	-0.391726	-0.337622	-0.384238	-0.380109	-0.301975	0.076601
2.61875	-0.379241	-0.386789	-0.392131	-0.39236	-0.373029	-0.389212	-0.387521	-0.361341	0.023854
2.64375	-0.45411	-0.418665	-0.394959	-0.393895	-0.457169	-0.39479	-0.396226	-0.511232	-0.102559
2.66875	-0.540687	-0.469221	-0.401706	-0.398817	-0.897779	-0.500874	-0.585924	-1.05265	-0.283965
2.69375	-0.608856	-0.522913	-0.412052	-0.408327	-1.29171	-0.883352	-1.07682	-1.35641	-0.347984
2.71875	-0.638192	-0.544969	-0.416229	-0.412145	-1.42144	-1.01836	-1.22905	-1.47254	-0.378949
2.74375	-0.655119	-0.557816	-0.418659	-0.414315	-1.48789	-1.09205	-1.31402	-1.52632	-0.391546
2.76875	-0.662654	-0.563451	-0.419715	-0.415251	-1.5144	-1.12214	-1.34739	-1.54872	-0.397163
2.79375	-0.663366	-0.564094	-0.419854	-0.415407	-1.52581	-1.13145	-1.36	-1.5585	-0.399545
2.81875	-0.659481	-0.561196	-0.419298	-0.414938	-1.52899	-1.12308	-1.35708	-1.56242	-0.400579
2.84375	-0.648125	-0.550392	-0.416714	-0.412302	-1.5133	-1.02088	-1.27443	-1.56071	-0.400959
2.86875	-0.603075	-0.508862	-0.407892	-0.403925	-1.19852	-0.659188	-0.793094	-1.3865	-0.388591
2.89375	-0.558232	-0.474774	-0.402082	-0.399073	-0.8008	-0.516022	-0.572885	-0.953218	-0.297723
2.91875	-0.519874	-0.451565	-0.398794	-0.396543	-0.632614	-0.44779	-0.474805	-0.745472	-0.221988
2.94375	-0.484988	-0.433454	-0.396646	-0.395064	-0.531578	-0.418401	-0.43086	-0.611459	-0.163126
2.96875	-0.449291	-0.417032	-0.394977	-0.394032	-0.46877	-0.404462	-0.410294	-0.517127	-0.103391
2.99375	-0.411226	-0.400839	-0.393484	-0.39317	-0.419927	-0.397541	-0.399906	-0.435925	-0.032978
3.01875	-0.325303	-0.363942	-0.390177	-0.391362	-0.318173	-0.390452	-0.388812	-0.255172	0.113998
3.04375	-0.237561	-0.310259	-0.382583	-0.3856	0.173719	-0.246338	-0.143944	0.326758	0.292716
3.06875	-0.173304	-0.259825	-0.372803	-0.376552	0.521487	0.11778	0.312075	0.585169	0.350883
3.09375	-0.145354	-0.238941	-0.368881	-0.372993	0.645377	0.242018	0.454174	0.695955	0.380403
3.11875	-0.129304	-0.22682	-0.366593	-0.370952	0.705937	0.310889	0.533066	0.744107	0.392126
3.14375	-0.122452	-0.221709	-0.365637	-0.370104	0.730606	0.338358	0.563846	0.76484	0.397423
3.16875	-0.122284	-0.221473	-0.365574	-0.370013	0.740977	0.346055	0.574936	0.77371	0.399653
3.19375	-0.126485	-0.224667	-0.366201	-0.370555	0.743504	0.335109	0.570055	0.777227	0.400624
3.21875	-0.139914	-0.237614	-0.369307	-0.373729	0.720799	0.206434	0.459965	0.773772	0.400942
3.24375	-0.187597	-0.280972	-0.378332	-0.382193	0.359604	-0.1507	-0.032522	0.556386	0.382932
3.26875	-0.230983	-0.313132	-0.383699	-0.38663	-0.005756	-0.277821	-0.224606	0.141073	0.288578
3.29375	-0.269169	-0.33585	-0.386864	-0.389043	-0.165614	-0.341921	-0.317319	-0.055526	0.215823
3.31875	-0.303733	-0.353551	-0.388927	-0.390447	-0.260911	-0.368824	-0.357284	-0.184046	0.157611
3.34375	-0.339814	-0.369992	-0.390577	-0.391458	-0.321981	-0.381857	-0.376522	-0.276745	0.09692
3.36875	-0.371663	-0.383618	-0.391844	-0.392195	-0.363946	-0.388078	-0.38582	-0.345946	0.038319
3.39375	-0.42429	-0.405645	-0.393783	-0.393255	-0.420516	-0.392609	-0.392741	-0.445876	-0.052638
3.41875	-0.514214	-0.450403	-0.398625	-0.396287	-0.700523	-0.420737	-0.445234	-0.863963	-0.236527
3.44375	-0.594273	-0.511521	-0.409773	-0.406158	-1.23414	-0.796397	-0.984033	-1.30906	-0.333443
3.46875	-0.631058	-0.539596	-0.415224	-0.411243	-1.3895	-0.987649	-1.19287	-1.44409	-0.371295
3.49375	-0.651177	-0.554851	-0.418096	-0.413812	-1.47552	-1.07548	-1.29641	-1.51586	-0.388561
3.51875	-0.661185	-0.562344	-0.419506	-0.415063	-1.50874	-1.11581	-1.34028	-1.54379	-0.3958
3.54375	-0.663778	-0.564361	-0.419896	-0.41543	-1.52369	-1.13042	-1.35801	-1.55651	-0.398974
3.56875	-0.660985	-0.562374	-0.419537	-0.415152	-1.52879	-1.12816	-1.35998	-1.56165	-0.40033
3.59375	-0.653729	-0.555935	-0.418063	-0.413694	-1.52425	-1.0802	-1.32619	-1.56268	-0.400898
3.61875	-0.619654	-0.52341	-0.410752	-0.406508	-1.35243	-0.760179	-0.947293	-1.49675	-0.398351
3.64375	-0.570201	-0.483029	-0.403384	-0.400125	-0.879151	-0.54561	-0.615243	-1.05536	-0.328627
3.66875	-0.531343	-0.458108	-0.399665	-0.397191	-0.675087	-0.464433	-0.499735	-0.797362	-0.241948
3.69375	-0.495202	-0.438506	-0.39721	-0.395437	-0.555441	-0.425066	-0.440687	-0.645482	-0.180319
3.71875	-0.460673	-0.422096	-0.39547	-0.394327	-0.486011	-0.407846	-0.415365	-0.544189	-0.122836
3.74375	-0.423309	-0.405872	-0.393937	-0.393427	-0.433947	-0.399253	-0.402482	-0.460161	-0.056173
3.76875	-0.355926	-0.377527	-0.391428	-0.392052	-0.36004	-0.393126	-0.393115	-0.330047	0.060144
3.79375	-0.264802	-0.330144	-0.385975	-0.388468	-0.020656	-0.347665	-0.307215	0.136576	0.248836
3.81875	-0.186725	-0.270074	-0.374818	-0.378457	0.469017	0.044242	0.234334	0.537758	0.336687
3.84375	-0.1523	-0.244144	-0.369849	-0.373858	0.614844	0.21262	0.419271	0.667357	0.373175
3.86875	-0.133002	-0.229571	-0.36711	-0.371412	0.694379	0.296104	0.517336	0.733616	0.389261
3.89375	-0.123738	-0.222674	-0.365819	-0.370268	0.725272	0.332693	0.557354	0.759887	0.396127
3.91875	-0.121734	-0.221099	-0.365511	-0.369971	0.73903	0.345529	0.573389	0.771712	0.399108
3.94375	-0.124887	-0.223382	-0.365932	-0.370308	0.743515	0.341476	0.573903	0.77649	0.400388
3.96875	-0.133148	-0.230914	-0.367691	-0.372073	0.736492	0.279982	0.528782	0.776903	0.400913
3.99375	-0.1711	-0.266781	-0.375614	-0.37978	0.519754	-0.061579	0.10896	0.681564	0.396335
4.01875	-0.219154	-0.305167	-0.382464	-0.385639	0.065376	-0.25002	-0.184685	0.232887	0.318233
4.04375	-0.257818	-0.32947	-0.38603	-0.388431	-0.124704	-0.32687	-0.294234	-0.005598	0.235267
4.06875	-0.293523	-0.348559	-0.388379	-0.390088	-0.238154	-0.362663	-0.34808	-0.151552	0.174681
4.09375	-0.328349	-0.364931	-0.39009	-0.391169	-0.305083	-0.378734	-0.371761	-0.250071	0.116717
4.11875	-0.363959	-0.380351	-0.391542	-0.392019	-0.354218	-0.386653	-0.383659	-0.329685	0.052826
4.14375	-0.398514	-0.394739	-0.392825	-0.39274	-0.393271	-0.39087	-0.39002	-0.397505	-0.01124
4.16875	-0.489454	-0.435641	-0.39668	-0.394909	-0.54048	-0.400379	-0.405923	-0.658642	-0.180151
4.19375	-0.574075	-0.495208	-0.406512	-0.403094	-1.13823	-0.664019	-0.816209	-1.24431	-0.317451
4.21875	-0.622761	-0.533349	-0.414046	-0.410172	-1.35302	-0.949479	-1.14866	-1.41038	-0.362456
4.24375	-0.646209	-0.551046	-0.417368	-0.413157	-1.45832	-1.05225	-1.26928	-1.5026	-0.385193
4.26875	-0.659039	-0.56073	-0.419202	-0.414794	-1.50159	-1.10687	-1.33014	-1.53775	-0.394243
4.29375	-0.66367	-0.564238	-0.419866	-0.415392	-1.52071	-1.12761	-1.35409	-1.554	-0.398326
4.31875	-0.662225	-0.563288	-0.41971	-0.415296	-1.52798	-1.13056	-1.36072	-1.56063	-0.400046
4.34375	-0.656905	-0.558962	-0.418795	-0.414445	-1.52794	-1.10791	-1.34692	-1.56299	-0.400789
4.36875	-0.634659	-0.5373	-0.413699	-0.409298	-1.46081	-0.881083	-1.11324	-1.54632	-0.400644
4.39375	-0.583219	-0.492718	-0.404994	-0.40145	-0.993171	-0.582157	-0.668939	-1.1947	-0.35952
4.41875	-0.543011	-0.465078	-0.400642	-0.397939	-0.723568	-0.484687	-0.528514	-0.857097	-0.263993
4.44375	-0.505628	-0.443861	-0.397835	-0.395863	-0.584581	-0.433183	-0.452477	-0.685648	-0.197996
4.46875	-0.471521	-0.427058	-0.39597	-0.394634	-0.50452	-0.41187	-0.421197	-0.572407	-0.140888
4.49375	-0.434295	-0.410535	-0.394366	-0.393675	-0.44794	-0.401205	-0.405355	-0.483645	-0.076648
4.51875	-0.384796	-0.389864	-0.392523	-0.392644	-0.391809	-0.395253	-0.396401	-0.386173	0.013787
4.54375	-0.290628	-0.346495	-0.388299	-0.390204	-0.208957	-0.382147	-0.373907	-0.07094	0.195372
4.56875	-0.205133	-0.284784	-0.377776	-0.381259	0.390029	-0.076162	0.093325	0.480646	0.321102
4.59375	-0.160245	-0.250096	-0.370965	-0.374867	0.579182	0.177326	0.379071	0.635006	0.364709
4.61875	-0.137653	-0.233105	-0.367786	-0.372019	0.679064	0.274864	0.493836	0.721392	0.386008
4.64375	-0.125671	-0.224123	-0.366092	-0.370511	0.718602	0.324611	0.548446	0.754201	0.39463
4.66875	-0.12167	-0.221092	-0.365517	-0.369989	0.736361	0.343279	0.570195	0.769381	0.398484
4.69375	-0.123564	-0.222389	-0.365741	-0.370145	0.74289	0.344584	0.575268	0.775549	0.400115
4.71875	-0.129363	-0.227241	-0.366796	-0.371148	0.741742	0.31577	0.556703	0.777562	0.400815
4.74375	-0.155278	-0.252373	-0.372631	-0.376997	0.647742	0.055643	0.274159	0.750784	0.400285
4.76875	-0.206595	-0.296051	-0.380975	-0.384421	0.165615	-0.216282	-0.136142	0.360405	0.349971
4.79375	-0.24619	-0.322629	-0.385086	-0.387714	-0.07838	-0.307638	-0.266724	0.051162	0.256548
4.81875	-0.283201	-0.343323	-0.387776	-0.389682	-0.211041	-0.355045	-0.337083	-0.113536	0.1922
4.84375	-0.317334	-0.359939	-0.389593	-0.390866	-0.28707	-0.374908	-0.366209	-0.222308	0.135175
4.86875	-0.354365	-0.376267	-0.391164	-0.3918	-0.341877	-0.384852	-0.381017	-0.309023	0.070696
4.89375	-0.382264	-0.388036	-0.392242	-0.392422	-0.376361	-0.389547	-0.388022	-0.367205	0.018047
4.91875	-0.462913	-0.422651	-0.395334	-0.394104	-0.470809	-0.395613	-0.397577	-0.535818	-0.119017
4.94375	-0.548717	-0.475296	-0.402787	-0.399755	-0.956207	-0.536349	-0.637695	-1.11085	-0.294766
4.96875	-0.612469	-0.525643	-0.412582	-0.408824	-1.30654	-0.901894	-1.0962	-1.37084	-0.351796
4.99375	-0.64017	-0.54646	-0.416508	-0.412393	-1.4304	-1.0268	-1.23888	-1.48128	-0.380792
5.01875	-0.656137	-0.558572	-0.4188	-0.414441	-1.49122	-1.096	-1.31818	-1.52952	-0.392296
5.04375	-0.662976	-0.563695	-0.419761	-0.415293	-1.51595	-1.12365	-1.34913	-1.55023	-0.397497
5.06875	-0.663157	-0.56395	-0.419829	-0.415389	-1.52636	-1.13146	-1.36032	-1.55911	-0.399686
5.09375	-0.658968	-0.560774	-0.419207	-0.414852	-1.52893	-1.12073	-1.3556	-1.56263	-0.400639
5.11875	-0.645709	-0.548004	-0.416144	-0.411722	-1.50685	-0.994246	-1.24787	-1.55933	-0.400953
5.14375	-0.598204	-0.504761	-0.407128	-0.403259	-1.14914	-0.636432	-0.755727	-1.34533	-0.383415
5.16875	-0.554711	-0.472459	-0.401729	-0.398792	-0.781223	-0.508211	-0.561693	-0.928448	-0.289266
5.19375	-0.516509	-0.449703	-0.398555	-0.39637	-0.620758	-0.443791	-0.468566	-0.731056	-0.216294
5.21875	-0.481919	-0.431971	-0.396486	-0.394961	-0.525023	-0.41671	-0.428317	-0.602114	-0.15803
5.24375	-0.445809	-0.415508	-0.394832	-0.393947	-0.463773	-0.403608	-0.408978	-0.509202	-0.097304
5.26875	-0.406544	-0.398908	-0.393314	-0.393075	-0.414825	-0.397045	-0.399143	-0.426941	-0.024089
5.29375	-0.31669	-0.359923	-0.389784	-0.391137	-0.301809	-0.389394	-0.387032	-0.22568	0.131794
5.31875	-0.229528	-0.304102	-0.381465	-0.384614	0.234304	-0.209493	-0.093367	0.378818	0.30115
5.34375	-0.16993	-0.257313	-0.372324	-0.376109	0.536481	0.133642	0.328686	0.59876	0.354354
5.36875	-0.143432	-0.237496	-0.368612	-0.372755	0.654573	0.249927	0.463241	0.703901	0.381941
5.39375	-0.128351	-0.226116	-0.366462	-0.370837	0.709323	0.314415	0.536764	0.747062	0.392781
5.41875	-0.122183	-0.221504	-0.365599	-0.370069	0.73218	0.33968	0.565384	0.766222	0.397708
5.44375	-0.122529	-0.221645	-0.365605	-0.370036	0.741531	0.345916	0.575129	0.774266	0.399776
5.46875	-0.12704	-0.225139	-0.366305	-0.370656	0.743359	0.332146	0.568106	0.777404	0.400676
5.49375	-0.142773	-0.24042	-0.369964	-0.374391	0.711497	0.17539	0.426154	0.771545	0.400909
5.51875	-0.192301	-0.284841	-0.379034	-0.382795	0.310297	-0.169724	-0.063596	0.512696	0.376681
5.54375	-0.234494	-0.315391	-0.384038	-0.386897	-0.024124	-0.285211	-0.235048	0.118288	0.280586
5.56875	-0.272484	-0.337657	-0.387091	-0.389205	-0.177061	-0.345453	-0.322761	-0.069506	0.210244
5.59375	-0.30682	-0.355025	-0.389084	-0.390548	-0.267268	-0.370379	-0.359591	-0.193121	0.152513
5.61875	-0.343271	-0.371495	-0.390719	-0.391541	-0.326857	-0.382635	-0.377707	-0.284512	0.090805
5.64375	-0.373775	-0.384509	-0.391925	-0.392242	-0.366574	-0.388435	-0.38636	-0.350328	0.034318
5.66875	-0.433069	-0.409428	-0.39412	-0.393436	-0.430423	-0.393204	-0.393682	-0.463438	-0.066779
5.69375	-0.521994	-0.455679	-0.399434	-0.396921	-0.762376	-0.436526	-0.475729	-0.92182	-0.251392
5.71875	-0.599135	-0.515387	-0.410555	-0.406905	-1.25402	-0.827457	-1.01749	-1.32384	-0.337861
5.74375	-0.633291	-0.541279	-0.41554	-0.411527	-1.39991	-0.997319	-1.20388	-1.45287	-0.373666
5.76875	-0.652455	-0.55582	-0.418281	-0.413978	-1.47967	-1.0811	-1.30232	-1.51911	-0.389477
5.79375	-0.661691	-0.562726	-0.419578	-0.415128	-1.51062	-1.11794	-1.34259	-1.54532	-0.396221
5.81875	-0.663704	-0.564318	-0.419891	-0.41543	-1.52441	-1.1309	-1.35874	-1.55713	-0.39915
5.84375	-0.660562	-0.562051	-0.419473	-0.415097	-1.52892	-1.12699	-1.35937	-1.5619	-0.400407
5.86875	-0.652381	-0.55461	-0.417739	-0.413358	-1.52211	-1.06666	-1.31524	-1.56235	-0.400923
5.89375	-0.614717	-0.518989	-0.409859	-0.405687	-1.30892	-0.726525	-0.898385	-1.4695	-0.39653
5.91875	-0.566548	-0.480444	-0.402969	-0.399788	-0.852842	-0.536146	-0.601806	-1.021	-0.319028
5.94375	-0.52787	-0.456095	-0.399392	-0.396985	-0.661781	-0.458969	-0.491814	-0.781128	-0.235776
5.96875	-0.49213	-0.436967	-0.397035	-0.395321	-0.547857	-0.422911	-0.437574	-0.634718	-0.175112
5.99375	-0.457309	-0.420585	-0.395321	-0.394238	-0.480731	-0.406753	-0.413768	-0.53597	-0.117153
