1.01875	-0.343605	-0.362824	-0.388196	-0.388948	0.139202	-0.23641	-0.138389	0.512706	0.394859
1.04375	-0.370794	-0.379451	-0.390717	-0.391052	-0.145156	-0.322585	-0.276435	0.098102	0.35374
1.06875	-0.383162	-0.386936	-0.391838	-0.391984	-0.283833	-0.362726	-0.343255	-0.174074	0.203651
1.09375	-0.388577	-0.39021	-0.392328	-0.392391	-0.345913	-0.379681	-0.371158	-0.298917	0.079369
1.11875	-0.391168	-0.391754	-0.392555	-0.392578	-0.380238	-0.387513	-0.384457	-0.391287	-0.055975
1.14375	-0.467249	-0.437779	-0.399419	-0.398308	-1.06213	-0.645339	-0.798887	-1.18039	-0.283879
1.16875	-0.585533	-0.51386	-0.411719	-0.408683	-1.32261	-0.951293	-1.14854	-1.37107	-0.343328
1.19375	-0.623011	-0.537991	-0.415615	-0.411928	-1.44415	-1.04728	-1.26562	-1.48829	-0.37801
1.21875	-0.643665	-0.551296	-0.417736	-0.413643	-1.49475	-1.09847	-1.32494	-1.53084	-0.390892
1.24375	-0.652161	-0.556769	-0.418596	-0.414313	-1.51714	-1.11891	-1.34891	-1.55109	-0.396937
1.26875	-0.655682	-0.559037	-0.418962	-0.414618	-1.52664	-1.12788	-1.35948	-1.55939	-0.399434
1.29375	-0.656209	-0.559372	-0.419041	-0.414736	-1.53058	-1.13069	-1.3633	-1.56304	-0.400537
1.31875	-0.654607	-0.558271	-0.41888	-0.414664	-1.53193	-1.12958	-1.36347	-1.56455	-0.401007
1.34375	-0.637511	-0.546422	-0.416789	-0.412923	-1.5288	-1.10295	-1.34654	-1.56467	-0.401205
1.36875	-0.546404	-0.486797	-0.406969	-0.404627	-1.47134	-0.893188	-1.15936	-1.55564	-0.40117
1.39375	-0.459536	-0.433391	-0.398838	-0.397816	-1.1099	-0.607637	-0.747258	-1.43367	-0.39882
1.41875	-0.423363	-0.411286	-0.395487	-0.395019	-0.728218	-0.4908	-0.553135	-1.04272	-0.378532
1.44375	-0.405983	-0.400729	-0.393901	-0.393697	-0.546198	-0.434597	-0.462148	-0.699195	-0.277887
1.46875	-0.398493	-0.396199	-0.393223	-0.393134	-0.458088	-0.410947	-0.422761	-0.523931	-0.112254
1.49375	-0.394681	-0.393934	-0.392891	-0.39286	-0.400801	-0.399412	-0.402828	-0.353043	0.073277
1.51875	-0.302348	-0.337747	-0.384442	-0.385798	0.328783	-0.091092	0.084016	0.41164	0.284231
1.54375	-0.195058	-0.268415	-0.373167	-0.376285	0.548413	0.178118	0.378702	0.593154	0.345128
1.56875	-0.159681	-0.245686	-0.369512	-0.373249	0.666225	0.269411	0.490515	0.706058	0.378404
1.59375	-0.140616	-0.233385	-0.36755	-0.371668	0.711988	0.315896	0.543216	0.746825	0.39115
1.61875	-0.132729	-0.228305	-0.366753	-0.371046	0.733021	0.334841	0.565288	0.766283	0.397027
1.64375	-0.129574	-0.226271	-0.366421	-0.370765	0.741743	0.342962	0.574758	0.774242	0.399477
1.66875	-0.129244	-0.226065	-0.366361	-0.370659	0.745387	0.34538	0.578122	0.77775	0.400554
1.69375	-0.131222	-0.227427	-0.36657	-0.370774	0.746532	0.34363	0.577797	0.779182	0.401014
1.71875	-0.152716	-0.242278	-0.369185	-0.372963	0.742152	0.309208	0.555489	0.779105	0.401204
1.74375	-0.250476	-0.30581	-0.379555	-0.381719	0.668465	0.074053	0.334753	0.76703	0.401125
1.76875	-0.330794	-0.355008	-0.387013	-0.387961	0.276498	-0.194426	-0.066977	0.619927	0.398241
1.79375	-0.364445	-0.375584	-0.390135	-0.390566	-0.081299	-0.302163	-0.244153	0.215824	0.373197
1.81875	-0.380453	-0.385298	-0.391593	-0.39178	-0.251462	-0.354126	-0.328875	-0.110309	0.26037
1.84375	-0.387366	-0.389479	-0.392219	-0.3923	-0.332481	-0.37589	-0.364989	-0.271893	0.102395
1.86875	-0.390447	-0.391335	-0.392495	-0.392529	-0.367079	-0.385508	-0.380835	-0.342585	0.037858
1.89375	-0.42313	-0.410432	-0.395215	-0.39478	-0.795779	-0.511924	-0.614006	-0.968945	-0.256049
1.91875	-0.565661	-0.500774	-0.409535	-0.406839	-1.26543	-0.906523	-1.09942	-1.32353	-0.328374
1.94375	-0.613979	-0.532201	-0.414691	-0.411166	-1.40595	-1.02417	-1.23679	-1.45762	-0.372236
1.96875	-0.639536	-0.548612	-0.417307	-0.413304	-1.48133	-1.08904	-1.31404	-1.51994	-0.388242
1.99375	-0.650333	-0.555589	-0.41841	-0.414169	-1.51062	-1.11462	-1.34379	-1.54584	-0.395829
2.01875	-0.655069	-0.558639	-0.418894	-0.414556	-1.52402	-1.12624	-1.35747	-1.55725	-0.398947
2.04375	-0.656282	-0.55942	-0.419039	-0.414715	-1.52948	-1.13032	-1.36265	-1.5621	-0.400329
2.06875	-0.655462	-0.558862	-0.418976	-0.414728	-1.53162	-1.13056	-1.36391	-1.56417	-0.400917
2.09375	-0.647321	-0.553193	-0.417983	-0.41393	-1.53092	-1.11891	-1.35699	-1.56483	-0.40117
2.11875	-0.58179	-0.509388	-0.41057	-0.407663	-1.50535	-0.987466	-1.25545	-1.5613	-0.40123
2.14375	-0.478132	-0.444678	-0.400533	-0.39923	-1.2551	-0.672166	-0.856451	-1.49916	-0.400293
2.16875	-0.431772	-0.416441	-0.396272	-0.395674	-0.81528	-0.517241	-0.595118	-1.17367	-0.387806
2.19375	-0.409782	-0.403027	-0.394245	-0.393983	-0.589332	-0.446966	-0.483049	-0.784158	-0.323039
2.21875	-0.400162	-0.39721	-0.393374	-0.39326	-0.477162	-0.416155	-0.431352	-0.562469	-0.152226
2.24375	-0.395846	-0.394607	-0.392986	-0.392938	-0.428125	-0.40276	-0.409333	-0.460587	-0.041914
2.26875	-0.349335	-0.367045	-0.388989	-0.389617	0.083134	-0.232419	-0.119064	0.278397	0.254926
2.29375	-0.212357	-0.279742	-0.375046	-0.377868	0.494823	0.137247	0.329499	0.555504	0.327745
2.31875	-0.16841	-0.251265	-0.370399	-0.373977	0.630834	0.246416	0.459922	0.685188	0.371997
2.34375	-0.144408	-0.235838	-0.36794	-0.371974	0.699491	0.306899	0.531967	0.738877	0.38813
2.36875	-0.134433	-0.229401	-0.366925	-0.371181	0.726969	0.330672	0.559931	0.762604	0.395782
2.39375	-0.130103	-0.226613	-0.366481	-0.370822	0.739318	0.341412	0.572686	0.772717	0.398926
2.41875	-0.129126	-0.225985	-0.366358	-0.370677	0.744371	0.345065	0.577446	0.777088	0.400319
2.44375	-0.130159	-0.226689	-0.366447	-0.370686	0.7463	0.344932	0.578414	0.778928	0.400912
2.46875	-0.140555	-0.233925	-0.367721	-0.371726	0.745021	0.32961	0.569082	0.779423	0.401166
2.49375	-0.214866	-0.283262	-0.375998	-0.378723	0.71157	0.173729	0.443281	0.774587	0.40121
2.51875	-0.313957	-0.344781	-0.385475	-0.386678	0.423978	-0.136652	0.032238	0.696056	0.399958
2.54375	-0.356542	-0.370746	-0.3894	-0.389953	-0.000859	-0.277327	-0.204945	0.345474	0.385519
2.56875	-0.376963	-0.383186	-0.391276	-0.391517	-0.211011	-0.342848	-0.309771	-0.030695	0.309951
2.59375	-0.385819	-0.388543	-0.392078	-0.392184	-0.314996	-0.371081	-0.357085	-0.236565	0.137726
2.61875	-0.389754	-0.390919	-0.392433	-0.392478	-0.359024	-0.383392	-0.377287	-0.325391	0.05818
2.64375	-0.396814	-0.394933	-0.392987	-0.392929	-0.581246	-0.408937	-0.436396	-0.734476	-0.162759
2.66875	-0.531771	-0.478557	-0.405857	-0.403731	-1.21127	-0.829155	-1.021	-1.27337	-0.307664
2.69375	-0.603405	-0.525403	-0.413596	-0.410256	-1.37344	-0.996787	-1.20233	-1.42411	-0.358765
2.71875	-0.633642	-0.544777	-0.416689	-0.412805	-1.46934	-1.07543	-1.29903	-1.50821	-0.383476
2.74375	-0.647919	-0.554027	-0.418164	-0.413978	-1.50494	-1.10898	-1.33722	-1.54014	-0.393529
2.76875	-0.654084	-0.557999	-0.418789	-0.414468	-1.5217	-1.12383	-1.35472	-1.55494	-0.398011
2.79375	-0.656167	-0.559346	-0.419019	-0.414681	-1.52851	-1.1296	-1.36166	-1.56108	-0.399912
2.81875	-0.65592	-0.559175	-0.419021	-0.414746	-1.5313	-1.13089	-1.3639	-1.56375	-0.40074
2.84375	-0.652045	-0.556484	-0.418568	-0.414417	-1.53175	-1.12606	-1.36145	-1.56479	-0.401094
2.86875	-0.612108	-0.52927	-0.41385	-0.410435	-1.52088	-1.05552	-1.3125	-1.56362	-0.401228
2.89375	-0.503468	-0.46012	-0.402859	-0.401175	-1.37575	-0.759469	-0.989468	-1.53549	-0.400891
2.91875	-0.442071	-0.422746	-0.39723	-0.396474	-0.927719	-0.549902	-0.648531	-1.30102	-0.394801
2.94375	-0.414752	-0.406037	-0.394696	-0.394359	-0.641703	-0.463275	-0.509702	-0.886318	-0.354486
2.96875	-0.402294	-0.398498	-0.393567	-0.39342	-0.502274	-0.422863	-0.442458	-0.612729	-0.205047
2.99375	-0.396835	-0.395199	-0.393073	-0.39301	-0.439654	-0.405797	-0.414366	-0.486616	-0.078401
3.01875	-0.38377	-0.387721	-0.392034	-0.392159	-0.12592	-0.355249	-0.302341	-0.011022	0.191666
3.04375	-0.240865	-0.298509	-0.378172	-0.380511	0.445401	0.073132	0.264583	0.494076	0.311432
3.06875	-0.178482	-0.257723	-0.371434	-0.374835	0.599864	0.220063	0.427821	0.643934	0.362408
3.09375	-0.149646	-0.239248	-0.368489	-0.372415	0.688285	0.294839	0.518803	0.724473	0.384581
3.11875	-0.136641	-0.230827	-0.367149	-0.371355	0.721603	0.325478	0.553989	0.755594	0.394113
3.14375	-0.130956	-0.227166	-0.366572	-0.3709	0.737146	0.339275	0.570254	0.769878	0.398237
3.16875	-0.129175	-0.226016	-0.366372	-0.370706	0.743464	0.344461	0.576595	0.775829	0.400015
3.19375	-0.129601	-0.226307	-0.36639	-0.370656	0.746027	0.345427	0.578531	0.77841	0.400782
3.21875	-0.134512	-0.229723	-0.366975	-0.371101	0.746172	0.338949	0.575004	0.779379	0.401112
3.24375	-0.182238	-0.262056	-0.37254	-0.375802	0.73174	0.251324	0.512337	0.777668	0.401227
3.26875	-0.290991	-0.33082	-0.383378	-0.384925	0.555223	-0.056644	0.159415	0.740901	0.400748
3.29375	-0.346905	-0.364842	-0.388502	-0.389203	0.102777	-0.246951	-0.155823	0.475863	0.393276
3.31875	-0.372412	-0.380432	-0.390864	-0.391174	-0.161854	-0.327889	-0.284982	0.065855	0.345752
3.34375	-0.383852	-0.387353	-0.3919	-0.392036	-0.292038	-0.364906	-0.346866	-0.190397	0.186973
3.36875	-0.388884	-0.390395	-0.392355	-0.392414	-0.349314	-0.380652	-0.372744	-0.305765	0.073952
3.39375	-0.391536	-0.391961	-0.392583	-0.392601	-0.392859	-0.388554	-0.386739	-0.44569	-0.088314
3.41875	-0.482147	-0.44708	-0.400867	-0.399525	-1.11493	-0.691512	-0.86592	-1.20351	-0.29106
3.44375	-0.590132	-0.516843	-0.412208	-0.409094	-1.33476	-0.963048	-1.16371	-1.38118	-0.347998
3.46875	-0.625574	-0.53962	-0.415873	-0.412139	-1.45189	-1.05442	-1.27548	-1.49263	-0.379662
3.49375	-0.644726	-0.551977	-0.417843	-0.413727	-1.49753	-1.10116	-1.32848	-1.53272	-0.391689
3.51875	-0.652644	-0.557077	-0.418644	-0.414351	-1.51848	-1.12017	-1.35062	-1.5519	-0.397261
3.54375	-0.655821	-0.559125	-0.418977	-0.414634	-1.52717	-1.12834	-1.36013	-1.55974	-0.399578
3.56875	-0.656162	-0.559339	-0.419039	-0.41474	-1.5308	-1.13078	-1.36352	-1.56319	-0.400599
3.59375	-0.654215	-0.557999	-0.418834	-0.414629	-1.53194	-1.12908	-1.36323	-1.5646	-0.401034
3.61875	-0.633089	-0.543398	-0.416263	-0.412477	-1.52767	-1.09532	-1.34138	-1.56453	-0.401214
3.64375	-0.535796	-0.480135	-0.405929	-0.403752	-1.45535	-0.862067	-1.12328	-1.55271	-0.401134
3.66875	-0.454954	-0.430605	-0.398419	-0.397466	-1.06548	-0.592189	-0.720522	-1.40738	-0.397648
3.69375	-0.421147	-0.409931	-0.395282	-0.394848	-0.705959	-0.483806	-0.542142	-1.00458	-0.374168
3.71875	-0.405021	-0.400148	-0.393814	-0.393625	-0.534851	-0.431519	-0.456939	-0.676891	-0.261781
3.74375	-0.398063	-0.39594	-0.393184	-0.393102	-0.45328	-0.409616	-0.420583	-0.514216	-0.102968
3.76875	-0.393952	-0.393524	-0.392835	-0.392816	-0.370954	-0.397084	-0.397342	-0.258315	0.093916
3.79375	-0.286792	-0.327999	-0.382918	-0.384516	0.363119	-0.044001	0.143392	0.43674	0.289359
3.81875	-0.190748	-0.265639	-0.372717	-0.375907	0.558495	0.189456	0.392194	0.60768	0.348218
3.84375	-0.15712	-0.244061	-0.369257	-0.37304	0.671702	0.276548	0.499256	0.711477	0.379535
3.86875	-0.139591	-0.232729	-0.367448	-0.371588	0.714107	0.318538	0.546367	0.749363	0.391685
3.89375	-0.132261	-0.228008	-0.366706	-0.371009	0.733994	0.336089	0.566796	0.767333	0.397247
3.91875	-0.129449	-0.226192	-0.366407	-0.37075	0.742136	0.343406	0.575328	0.774704	0.399574
3.94375	-0.129302	-0.226104	-0.366365	-0.370656	0.745538	0.345454	0.578295	0.777944	0.400595
3.96875	-0.131718	-0.227773	-0.366631	-0.370821	0.746504	0.342971	0.577436	0.779253	0.401031
3.99375	-0.158039	-0.245894	-0.36981	-0.373492	0.740643	0.299648	0.548832	0.778918	0.401209
4.01875	-0.260733	-0.312202	-0.380544	-0.382549	0.648741	0.042653	0.296042	0.76317	0.401074
4.04375	-0.334977	-0.357556	-0.387398	-0.388282	0.233192	-0.208333	-0.09092	0.590709	0.397444
