1.01875	-0.373302	-0.3808	-0.390891	-0.391195	-0.238137	-0.330934	-0.297163	-0.182384	0.118825
1.04375	-0.384389	-0.387589	-0.391921	-0.392051	-0.329599	-0.366588	-0.353021	-0.302794	0.055597
1.06875	-0.389116	-0.390497	-0.392364	-0.39242	-0.364889	-0.381314	-0.375239	-0.354754	0.019155
1.09375	-0.391262	-0.391805	-0.392561	-0.392584	-0.383383	-0.387943	-0.385546	-0.388337	-0.038039
1.11875	-0.391234	-0.391854	-0.39256	-0.39254	-0.408558	-0.391306	-0.393006	-0.47569	-0.119491
1.14375	-0.710337	-0.611345	-0.387531	-0.095532	-1.19927	-0.964411	-1.09988	-1.23079	-0.308668
1.16875	-0.630894	-0.546273	-0.408904	-0.34772	-1.35217	-1.01014	-1.20622	-1.38949	-0.354636
1.19375	-0.655934	-0.561409	-0.413718	-0.369237	-1.46368	-1.08946	-1.30642	-1.497	-0.382751
1.21875	-0.655763	-0.559768	-0.417074	-0.398868	-1.50179	-1.11306	-1.33916	-1.53445	-0.392971
1.24375	-0.658769	-0.561305	-0.418271	-0.406958	-1.52067	-1.12628	-1.3561	-1.55271	-0.397827
1.26875	-0.657796	-0.560422	-0.418711	-0.411495	-1.52796	-1.12959	-1.36165	-1.56006	-0.39982
1.29375	-0.653346	-0.557318	-0.418447	-0.412932	-1.53042	-1.12582	-1.36075	-1.56323	-0.400702
1.31875	-0.628638	-0.54033	-0.415615	-0.411346	-1.5259	-1.08685	-1.33545	-1.56377	-0.401068
1.34375	-0.515827	-0.468016	-0.404069	-0.401944	-1.37674	-0.794273	-1.02156	-1.5339	-0.400795
1.36875	-0.442112	-0.423173	-0.397348	-0.396477	-0.759523	-0.54583	-0.621461	-0.961089	-0.327421
1.39375	-0.414977	-0.406367	-0.394771	-0.394383	-0.566009	-0.463562	-0.501516	-0.627504	-0.133642
1.41875	-0.402111	-0.398488	-0.39358	-0.393415	-0.46425	-0.422195	-0.437361	-0.497318	-0.062377
1.44375	-0.396796	-0.395217	-0.393082	-0.393011	-0.424153	-0.405676	-0.412494	-0.436358	-0.023188
1.46875	-0.394379	-0.393741	-0.392859	-0.39283	-0.404486	-0.39816	-0.400931	-0.404246	0.019848
1.49375	-0.392717	-0.392752	-0.392721	-0.39273	-0.344522	-0.391641	-0.387079	-0.231014	0.108556
1.51875	-0.326239	-0.353505	-0.387047	-0.38801	0.317118	-0.156435	0.019295	0.44187	0.304392
1.54375	-0.216997	-0.283457	-0.375806	-0.378537	0.547646	0.137564	0.348791	0.610821	0.352681
1.56875	-0.169209	-0.252247	-0.370688	-0.374291	0.664364	0.250327	0.47533	0.712538	0.38193
1.59375	-0.144644	-0.236249	-0.368129	-0.372266	0.711547	0.307319	0.536843	0.74989	0.39261
1.61875	-0.133574	-0.229022	-0.366987	-0.371401	0.732912	0.331471	0.562772	0.76757	0.397672
1.64375	-0.129605	-0.226438	-0.366562	-0.371042	0.741773	0.341254	0.573618	0.774822	0.399752
1.66875	-0.130732	-0.227218	-0.366649	-0.371015	0.745108	0.3421	0.576085	0.777957	0.400673
1.69375	-0.141344	-0.234543	-0.367887	-0.371946	0.744401	0.327494	0.567531	0.778986	0.401061
1.71875	-0.21567	-0.283679	-0.376063	-0.378806	0.708945	0.170043	0.437755	0.774006	0.40116
1.74375	-0.325308	-0.351255	-0.386377	-0.38743	0.194286	-0.182047	-0.06629	0.467257	0.389022
1.76875	-0.361343	-0.373418	-0.389761	-0.390248	-0.160272	-0.294041	-0.243766	-0.079782	0.199195
1.79375	-0.379664	-0.384686	-0.391478	-0.391681	-0.287114	-0.351883	-0.330228	-0.24244	0.085117
1.81875	-0.386968	-0.389174	-0.392162	-0.392251	-0.348508	-0.374679	-0.36533	-0.332048	0.034382
1.84375	-0.390344	-0.391242	-0.392476	-0.392512	-0.375457	-0.385125	-0.381235	-0.375756	-0.025111
1.86875	-0.394281	-0.393497	-0.392791	-0.392768	-0.507238	-0.398044	-0.409882	-0.733681	-0.245603
1.89375	-0.528129	-0.475707	-0.404635	-0.401622	-0.966269	-0.790443	-0.946349	-0.910989	-0.192854
1.91875	-0.586462	-0.513597	-0.411349	-0.408129	-1.3135	-0.962673	-1.16841	-1.35105	-0.344081
1.94375	-0.627318	-0.540288	-0.415759	-0.411831	-1.43235	-1.06064	-1.28227	-1.45729	-0.369058
1.96875	-0.645019	-0.551896	-0.417676	-0.413412	-1.49155	-1.10193	-1.33014	-1.52265	-0.389177
1.99375	-0.653814	-0.557655	-0.4186	-0.414127	-1.5155	-1.12123	-1.35192	-1.54638	-0.395699
2.01875	-0.656435	-0.559371	-0.418899	-0.414406	-1.52604	-1.12825	-1.36043	-1.55763	-0.399015
2.04375	-0.654507	-0.558061	-0.41873	-0.414376	-1.5299	-1.12763	-1.36174	-1.56217	-0.400329
2.06875	-0.641449	-0.549054	-0.417196	-0.413191	-1.52895	-1.10886	-1.35035	-1.5638	-0.400919
2.09375	-0.556456	-0.493315	-0.40801	-0.405478	-1.47866	-0.918485	-1.18291	-1.55652	-0.401063
2.11875	-0.568312	-0.502803	-0.408793	-0.40432	-1.22539	-0.852348	-1.02296	-1.2746	-0.266138
2.14375	-0.444344	-0.424857	-0.397458	-0.396308	-0.671383	-0.537392	-0.598207	-0.70277	-0.156739
2.16875	-0.420616	-0.410154	-0.395262	-0.394584	-0.532082	-0.467622	-0.496868	-0.544436	-0.06359
2.19375	-0.403443	-0.399404	-0.393688	-0.393437	-0.448382	-0.42215	-0.434078	-0.453808	-0.027531
2.21875	-0.397593	-0.395762	-0.393151	-0.393034	-0.416971	-0.406042	-0.411302	-0.416628	0.001736
2.24375	-0.394238	-0.39371	-0.392855	-0.392814	-0.382935	-0.397206	-0.397785	-0.304843	0.159334
2.26875	-0.372155	-0.381111	-0.391124	-0.391423	0.076111	-0.316203	-0.222807	0.309956	0.224848
2.29375	-0.245648	-0.30207	-0.378849	-0.381098	0.489404	0.068818	0.273127	0.576148	0.341838
2.31875	-0.182111	-0.260505	-0.372002	-0.375366	0.628093	0.216969	0.433666	0.692337	0.371806
2.34375	-0.150951	-0.240334	-0.368775	-0.372769	0.698307	0.292797	0.520306	0.742359	0.389501
2.36875	-0.13632	-0.230793	-0.367264	-0.371613	0.726601	0.325028	0.555164	0.764038	0.396037
2.39375	-0.130352	-0.226916	-0.366645	-0.371124	0.739268	0.338976	0.570747	0.773374	0.399114
2.41875	-0.129927	-0.226664	-0.366571	-0.370987	0.744212	0.3425	0.57572	0.777348	0.400382
2.44375	-0.13586	-0.230749	-0.367229	-0.371419	0.745147	0.335622	0.572518	0.778887	0.400941
2.46875	-0.18006	-0.26065	-0.372335	-0.375671	0.732563	0.256176	0.516265	0.777651	0.401156
2.49375	-0.338158	-0.358241	-0.387263	-0.388156	0.038319	-0.222336	-0.146089	0.25667	0.258642
2.51875	-0.360453	-0.372564	-0.389571	-0.390085	-0.191929	-0.293634	-0.252232	-0.135779	0.13039
2.54375	-0.380753	-0.385205	-0.391528	-0.391721	-0.308683	-0.355812	-0.33986	-0.273073	0.064993
