1.01875	-0.392748	-0.392589	-0.391655	-0.391792	-0.349188	-0.359122	-0.346956	-0.327404	0.007848
1.04375	-0.392745	-0.392692	-0.392244	-0.392306	-0.373319	-0.377914	-0.372359	-0.363321	0.003487
1.06875	-0.392734	-0.392723	-0.392503	-0.39253	-0.384407	-0.386384	-0.384055	-0.380214	0.00151
1.09375	-0.392719	-0.392724	-0.392615	-0.392626	-0.389097	-0.389958	-0.388936	-0.387253	0.000625
1.11875	-0.392727	-0.392839	-0.392672	-0.392669	-0.391362	-0.391522	-0.391086	-0.390545	-0.000232
1.14375	-0.392729	-0.392909	-0.392715	-0.392692	-0.393282	-0.392257	-0.392118	-0.39409	-0.001054
1.16875	-0.392709	-0.393243	-0.395447	-0.39497	-0.62163	-0.536978	-0.643593	-0.842575	-0.028999
1.19375	-0.392705	-0.395309	-0.41095	-0.408916	-1.09168	-0.975719	-1.14201	-1.28074	-0.127452
1.21875	-0.392703	-0.396464	-0.420005	-0.416952	-1.24859	-1.13532	-1.29959	-1.42084	-0.170485
1.24375	-0.392702	-0.397051	-0.424499	-0.420823	-1.33294	-1.21953	-1.38541	-1.49372	-0.19262
1.26875	-0.392702	-0.397228	-0.425885	-0.422094	-1.36334	-1.24931	-1.41673	-1.52193	-0.199986
1.29375	-0.392701	-0.396963	-0.42379	-0.420381	-1.36165	-1.24036	-1.41897	-1.53196	-0.194305
1.31875	-0.392701	-0.395522	-0.412317	-0.40997	-1.21663	-1.05284	-1.28514	-1.49864	-0.141716
1.34375	-0.392696	-0.393798	-0.400104	-0.399175	-0.699473	-0.626241	-0.713514	-0.909674	-0.053063
1.36875	-0.392644	-0.393104	-0.396158	-0.395726	-0.537419	-0.505473	-0.546192	-0.608629	-0.025163
1.39375	-0.392625	-0.392762	-0.394136	-0.393953	-0.452592	-0.438616	-0.45549	-0.487963	-0.010406
1.41875	-0.392635	-0.392665	-0.393335	-0.393253	-0.419282	-0.413163	-0.420611	-0.433522	-0.004612
1.44375	-0.39265	-0.392638	-0.392971	-0.392936	-0.404075	-0.401386	-0.404563	-0.410484	-0.001951
1.46875	-0.39267	-0.392651	-0.392817	-0.392802	-0.39765	-0.396484	-0.397864	-0.400366	-0.00082
1.49375	-0.3927	-0.392687	-0.392748	-0.392744	-0.394746	-0.394324	-0.394917	-0.395923	-0.000256
1.51875	-0.392722	-0.39269	-0.392697	-0.392712	-0.392102	-0.393267	-0.393399	-0.390124	0.000512
1.54375	-0.392704	-0.392045	-0.388823	-0.389434	-0.10974	-0.203733	-0.084854	0.14227	0.038052
1.56875	-0.392702	-0.389959	-0.37318	-0.375332	0.326317	0.212235	0.375834	0.514344	0.133411
1.59375	-0.3927	-0.38887	-0.364815	-0.367948	0.473751	0.360413	0.524605	0.647956	0.173273
1.61875	-0.392699	-0.388319	-0.360637	-0.364347	0.551765	0.438565	0.604089	0.712742	0.193839
1.64375	-0.392699	-0.388176	-0.359533	-0.363309	0.579158	0.464887	0.632684	0.738548	0.200087
1.66875	-0.392699	-0.388506	-0.362165	-0.365509	0.573119	0.450091	0.631178	0.746701	0.192422
1.69375	-0.392699	-0.390099	-0.374757	-0.376941	0.386055	0.220113	0.451978	0.695197	0.131334
1.71875	-0.392708	-0.391673	-0.38583	-0.386686	-0.113675	-0.177261	-0.100889	0.056937	0.048983
1.74375	-0.392717	-0.392173	-0.389508	-0.389917	-0.258026	-0.288292	-0.249807	-0.192332	0.023741
1.76875	-0.392747	-0.39253	-0.391366	-0.391541	-0.337522	-0.350267	-0.33493	-0.307247	0.009969
1.79375	-0.392748	-0.39267	-0.392111	-0.392189	-0.368042	-0.373769	-0.366852	-0.355383	0.004466
1.81875	-0.392739	-0.392719	-0.392447	-0.392482	-0.382167	-0.384669	-0.381751	-0.376589	0.001929
1.84375	-0.392724	-0.392723	-0.39259	-0.392605	-0.388102	-0.3892	-0.387924	-0.385712	0.000831
1.86875	-0.392718	-0.392767	-0.392656	-0.392659	-0.390817	-0.391198	-0.390651	-0.389768	0.000134
1.89375	-0.392739	-0.392959	-0.392705	-0.392685	-0.39257	-0.392065	-0.391834	-0.392229	-0.001029
1.91875	-0.39271	-0.39291	-0.393289	-0.393129	-0.464197	-0.423834	-0.464568	-0.635931	-0.008024
1.94375	-0.392707	-0.394715	-0.406274	-0.404664	-1.0068	-0.882661	-1.05805	-1.22682	-0.103355
1.96875	-0.392703	-0.396198	-0.417959	-0.415174	-1.21086	-1.09818	-1.26102	-1.3885	-0.160627
1.99375	-0.392702	-0.396919	-0.423474	-0.419934	-1.31615	-1.20173	-1.36874	-1.48173	-0.187755
2.01875	-0.392702	-0.397213	-0.425759	-0.421949	-1.35768	-1.24409	-1.41063	-1.51655	-0.198951
2.04375	-0.392701	-0.397112	-0.424984	-0.421408	-1.36685	-1.24915	-1.42243	-1.53114	-0.198077
2.06875	-0.392701	-0.396146	-0.417191	-0.414406	-1.30432	-1.15857	-1.37047	-1.52347	-0.167906
2.09375	-0.392699	-0.394145	-0.402375	-0.401131	-0.832657	-0.717205	-0.863411	-1.12662	-0.071632
2.11875	-0.392664	-0.393289	-0.397111	-0.396565	-0.573767	-0.534368	-0.584967	-0.657822	-0.031739
2.14375	-0.392624	-0.392823	-0.394555	-0.394317	-0.473277	-0.453494	-0.47824	-0.519656	-0.01362
2.16875	-0.392632	-0.392685	-0.393514	-0.39341	-0.427081	-0.419029	-0.42904	-0.444817	-0.005923
2.19375	-0.392645	-0.39264	-0.393049	-0.393004	-0.40772	-0.404047	-0.408525	-0.415934	-0.002542
2.21875	-0.392663	-0.392644	-0.392851	-0.392832	-0.399174	-0.397603	-0.3995	-0.402605	-0.001075
2.24375	-0.392688	-0.392673	-0.392764	-0.392757	-0.395465	-0.394815	-0.395642	-0.396973	-0.000409
2.26875	-0.392726	-0.392703	-0.392715	-0.392722	-0.393335	-0.393594	-0.393938	-0.393667	0.000246
2.29375	-0.392704	-0.39247	-0.39165	-0.391889	-0.27491	-0.333315	-0.266078	-0.077436	0.012968
2.31875	-0.392703	-0.390511	-0.377492	-0.379247	0.253669	0.132336	0.304953	0.46152	0.112081
2.34375	-0.3927	-0.389122	-0.36673	-0.369605	0.438472	0.325408	0.489062	0.614672	0.163982
2.36875	-0.392699	-0.388439	-0.361557	-0.365147	0.5369	0.422818	0.589494	0.700709	0.189502
2.39375	-0.392699	-0.38818	-0.35957	-0.36338	0.574423	0.460714	0.62752	0.73312	0.199391
2.41875	-0.392699	-0.388328	-0.36073	-0.364257	0.580364	0.461722	0.63644	0.746189	0.197123
2.44375	-0.392699	-0.389442	-0.369699	-0.372354	0.49778	0.345794	0.565534	0.733113	0.16055
2.46875	-0.3927	-0.391384	-0.383894	-0.38502	-0.003045	-0.104612	0.020887	0.273591	0.064453
2.49375	-0.392705	-0.392045	-0.388608	-0.389122	-0.224111	-0.261118	-0.21395	-0.143139	0.029825
2.51875	-0.39274	-0.392449	-0.390989	-0.391215	-0.319554	-0.337564	-0.315576	-0.27558	0.012883
2.54375	-0.392748	-0.392642	-0.391944	-0.392045	-0.361022	-0.368511	-0.359395	-0.344089	0.005695
2.56875	-0.392742	-0.392711	-0.392376	-0.39242	-0.378948	-0.382346	-0.378324	-0.371141	0.002478
2.59375	-0.392728	-0.392723	-0.392559	-0.392578	-0.386738	-0.388209	-0.386493	-0.383473	0.001079
2.61875	-0.392716	-0.392735	-0.392641	-0.392648	-0.390164	-0.390767	-0.390021	-0.388723	0.000369
2.64375	-0.392743	-0.392955	-0.392693	-0.392679	-0.392066	-0.391871	-0.391552	-0.39142	-0.000814
2.66875	-0.392713	-0.392831	-0.392779	-0.392735	-0.400905	-0.394412	-0.397002	-0.430208	-0.001732
2.69375	-0.392698	-0.394016	-0.400971	-0.399872	-0.862151	-0.735344	-0.907726	-1.1346	-0.070333
2.71875	-0.392702	-0.39587	-0.415405	-0.412922	-1.16673	-1.05293	-1.21715	-1.34787	-0.148483
2.74375	-0.392701	-0.396744	-0.422136	-0.418783	-1.29132	-1.1758	-1.3438	-1.46411	-0.181061
2.76875	-0.392701	-0.397164	-0.425376	-0.421594	-1.34902	-1.23538	-1.40178	-1.50909	-0.196854
2.79375	-0.392701	-0.397192	-0.425615	-0.421917	-1.36732	-1.25156	-1.42179	-1.52872	-0.19975
2.81875	-0.392701	-0.396605	-0.420893	-0.417783	-1.34235	-1.2112	-1.40366	-1.53068	-0.18385
2.84375	-0.392699	-0.394662	-0.405993	-0.404306	-1.00211	-0.854263	-1.04898	-1.35127	-0.099533
2.86875	-0.392683	-0.393493	-0.39824	-0.397558	-0.615329	-0.567949	-0.627453	-0.721244	-0.039486
2.89375	-0.392627	-0.392917	-0.395146	-0.394834	-0.498697	-0.473924	-0.505305	-0.555112	-0.018039
2.91875	-0.392628	-0.392712	-0.393746	-0.393613	-0.436359	-0.426474	-0.438703	-0.458303	-0.007595
2.94375	-0.39264	-0.392647	-0.393155	-0.393096	-0.412136	-0.407579	-0.413164	-0.422201	-0.003327
2.96875	-0.392657	-0.39264	-0.392896	-0.392871	-0.401001	-0.399054	-0.401395	-0.405227	-0.001405
2.99375	-0.392679	-0.392662	-0.392784	-0.392774	-0.396297	-0.395459	-0.396485	-0.398155	-0.000572
3.01875	-0.392721	-0.392708	-0.39273	-0.392731	-0.393997	-0.393882	-0.394319	-0.394736	-5e-06
3.04375	-0.392708	-0.392636	-0.39256	-0.39262	-0.375545	-0.387793	-0.380468	-0.31161	0.002408
3.06875	-0.392703	-0.391196	-0.382727	-0.383996	0.13301	0.003915	0.183026	0.383706	0.081614
3.09375	-0.3927	-0.389431	-0.369099	-0.371684	0.39698	0.283719	0.447494	0.574375	0.152704
3.11875	-0.392699	-0.388602	-0.362799	-0.366218	0.515272	0.399875	0.568057	0.684649	0.183405
3.14375	-0.392699	-0.388219	-0.359872	-0.363669	0.566896	0.453274	0.61977	0.726042	0.197642
3.16875	-0.392699	-0.388229	-0.359941	-0.363605	0.582238	0.46594	0.637059	0.744157	0.199378
3.19375	-0.392699	-0.388924	-0.365556	-0.368571	0.547921	0.412856	0.610662	0.743761	0.179646
3.21875	-0.392699	-0.390921	-0.380733	-0.382265	0.159784	0.021736	0.201339	0.493468	0.089703
3.24375	-0.392701	-0.391908	-0.387542	-0.388181	-0.184277	-0.228683	-0.172338	-0.088237	0.037006
3.26875	-0.392731	-0.392338	-0.390455	-0.39075	-0.295128	-0.318436	-0.289199	-0.242339	0.01702
3.29375	-0.392748	-0.392602	-0.39173	-0.391857	-0.352104	-0.36144	-0.349957	-0.331891	0.007299
3.31875	-0.392745	-0.392697	-0.392279	-0.392336	-0.374702	-0.379019	-0.373798	-0.365353	0.003229
3.34375	-0.392733	-0.392723	-0.392518	-0.392543	-0.38498	-0.386836	-0.384643	-0.381075	0.001401
3.36875	-0.392718	-0.392725	-0.392622	-0.392632	-0.389357	-0.390159	-0.389198	-0.387635	0.000567
3.39375	-0.392731	-0.39287	-0.392677	-0.392671	-0.391524	-0.391608	-0.391198	-0.390755	-0.000372
3.41875	-0.392724	-0.392885	-0.39272	-0.392695	-0.393729	-0.392357	-0.392295	-0.395711	-0.001059
3.44375	-0.392708	-0.393393	-0.396489	-0.395886	-0.671559	-0.578274	-0.696146	-0.92093	-0.03749
3.46875	-0.392705	-0.395457	-0.412129	-0.409984	-1.11031	-0.996093	-1.15986	-1.29832	-0.133061
3.49375	-0.392703	-0.396534	-0.420542	-0.417415	-1.25838	-1.14505	-1.30923	-1.43238	-0.173098
3.51875	-0.392702	-0.397083	-0.424744	-0.421036	-1.33686	-1.22365	-1.38919	-1.4978	-0.193767
3.54375	-0.392702	-0.397226	-0.425869	-0.422092	-1.36448	-1.25023	-1.41799	-1.52379	-0.20009
3.56875	-0.392701	-0.3969	-0.423281	-0.419931	-1.35879	-1.23591	-1.41679	-1.53209	-0.192585
3.59375	-0.392695	-0.395318	-0.410771	-0.408574	-1.17523	-1.00931	-1.24145	-1.48229	-0.132153
3.61875	-0.392694	-0.39372	-0.399607	-0.398747	-0.673618	-0.609406	-0.686461	-0.847067	-0.049248
3.64375	-0.392638	-0.393055	-0.395902	-0.3955	-0.527967	-0.497741	-0.536389	-0.594079	-0.02339
3.66875	-0.392625	-0.392749	-0.394035	-0.393865	-0.448095	-0.435385	-0.450823	-0.47876	-0.009661
3.69375	-0.392636	-0.39266	-0.393289	-0.393213	-0.417431	-0.411744	-0.418697	-0.430216	-0.004283
3.71875	-0.392651	-0.392638	-0.392952	-0.392919	-0.40325	-0.400779	-0.403714	-0.408896	-0.001809
3.74375	-0.392672	-0.392654	-0.392809	-0.392795	-0.397295	-0.39622	-0.397503	-0.399712	-0.000757
3.76875	-0.392704	-0.392692	-0.392744	-0.39274	-0.394567	-0.39421	-0.394759	-0.395604	-0.000207
3.79375	-0.392719	-0.392684	-0.392688	-0.392706	-0.391214	-0.39306	-0.392987	-0.386523	0.000655
3.81875	-0.392704	-0.391872	-0.387618	-0.388369	-0.055675	-0.160445	-0.026359	0.22446	0.047254
3.84375	-0.392702	-0.389821	-0.372108	-0.374367	0.343811	0.230311	0.393079	0.532431	0.138442
3.86875	-0.3927	-0.388803	-0.36431	-0.367514	0.483563	0.369646	0.534589	0.659951	0.175752
3.89375	-0.392699	-0.388291	-0.360421	-0.364158	0.555516	0.442272	0.607838	0.716956	0.194863
3.91875	-0.392699	-0.388182	-0.359578	-0.363334	0.580158	0.465518	0.633884	0.740462	0.200089
3.94375	-0.392699	-0.388581	-0.36277	-0.366048	0.569404	0.444385	0.628285	0.746696	0.19031
3.96875	-0.392699	-0.390302	-0.37627	-0.378299	0.337365	0.173312	0.398524	0.669821	0.121424
3.99375	-0.3927	-0.391737	-0.386273	-0.387069	-0.134198	-0.19126	-0.121691	0.007315	0.045738
4.01875	-0.392718	-0.392212	-0.38975	-0.39013	-0.267103	-0.29578	-0.259327	-0.205065	0.022074
4.04375	-0.392746	-0.392549	-0.39146	-0.391622	-0.341418	-0.353165	-0.338915	-0.314791	0.009275
4.06875	-0.392746	-0.392677	-0.392154	-0.392227	-0.369738	-0.375098	-0.368601	-0.358176	0.004152
4.09375	-0.392737	-0.39272	-0.392465	-0.392497	-0.382901	-0.385224	-0.382499	-0.377909	0.001793
4.11875	-0.392722	-0.392723	-0.392598	-0.392612	-0.388424	-0.389444	-0.388249	-0.386262	0.000766
4.14375	-0.39272	-0.392783	-0.392661	-0.392662	-0.390983	-0.391302	-0.390791	-0.390034	4.2e-05
4.16875	-0.392737	-0.39295	-0.392708	-0.392687	-0.392733	-0.392116	-0.391905	-0.392564	-0.001054
4.19375	-0.392709	-0.39298	-0.393713	-0.393478	-0.506817	-0.449641	-0.514902	-0.703273	-0.012709
4.21875	-0.392706	-0.394909	-0.407789	-0.406042	-1.03687	-0.915277	-1.08812	-1.2457	-0.111559
4.24375	-0.392703	-0.396283	-0.418618	-0.415749	-1.22293	-1.10987	-1.27347	-1.39933	-0.163773
4.26875	-0.392702	-0.396963	-0.423816	-0.42023	-1.32187	-1.20775	-1.37446	-1.48584	-0.189395
4.29375	-0.392702	-0.397221	-0.425825	-0.422015	-1.35967	-1.24597	-1.41276	-1.5184	-0.19937
4.31875	-0.392701	-0.397076	-0.424696	-0.421165	-1.36587	-1.24731	-1.4219	-1.53157	-0.19721
4.34375	-0.392701	-0.395973	-0.415819	-0.413154	-1.28502	-1.13353	-1.35266	-1.51897	-0.16116
4.36875	-0.392698	-0.394023	-0.401567	-0.400433	-0.78605	-0.683361	-0.81051	-1.06423	-0.064964
4.39375	-0.392658	-0.39323	-0.396808	-0.396298	-0.562113	-0.525032	-0.572474	-0.643358	-0.029643
4.41875	-0.392624	-0.392801	-0.394413	-0.394194	-0.466251	-0.448242	-0.470449	-0.510466	-0.012519
4.44375	-0.392633	-0.392678	-0.393456	-0.393359	-0.424502	-0.417045	-0.426232	-0.44152	-0.00549
4.46875	-0.392646	-0.392639	-0.393023	-0.392981	-0.406497	-0.403125	-0.407184	-0.414349	-0.002343
4.49375	-0.392665	-0.392646	-0.39284	-0.392822	-0.398667	-0.39722	-0.398951	-0.401953	-0.00099
4.51875	-0.392691	-0.392677	-0.392759	-0.392752	-0.39523	-0.394646	-0.395398	-0.396672	-0.000363
4.54375	-0.392725	-0.392699	-0.392711	-0.39272	-0.393079	-0.39351	-0.393813	-0.393141	0.000317
4.56875	-0.392704	-0.39237	-0.391019	-0.391353	-0.225897	-0.298307	-0.209458	-0.020717	0.019294
4.59375	-0.392713	-0.390329	-0.376076	-0.377959	0.279277	0.160386	0.330427	0.476503	0.119359
4.61875	-0.392702	-0.389042	-0.366115	-0.36907	0.449999	0.336684	0.500981	0.623608	0.166954
4.64375	-0.392701	-0.388399	-0.361247	-0.364878	0.541999	0.428202	0.594596	0.704034	0.190972
4.66875	-0.392699	-0.388176	-0.359531	-0.363335	0.576162	0.462314	0.629413	0.734603	0.19971
4.69375	-0.392699	-0.388372	-0.36108	-0.364557	0.57889	0.459199	0.635484	0.746396	0.196026
4.71875	-0.392699	-0.38963	-0.371169	-0.373693	0.472469	0.314651	0.541237	0.726339	0.152734
4.74375	-0.392701	-0.39149	-0.384576	-0.385607	-0.044212	-0.132291	-0.025952	0.208799	0.058833
4.76875	-0.392708	-0.392084	-0.388894	-0.389375	-0.23513	-0.269804	-0.225818	-0.157702	0.027898
4.79375	-0.392742	-0.392476	-0.391116	-0.391324	-0.325916	-0.342071	-0.322636	-0.285029	0.011886
4.81875	-0.392748	-0.392651	-0.391999	-0.392092	-0.363408	-0.370281	-0.361994	-0.347449	0.00529
4.84375	-0.392741	-0.392714	-0.392399	-0.39244	-0.380067	-0.383151	-0.37955	-0.372765	0.002294
4.86875	-0.392727	-0.392723	-0.392569	-0.392587	-0.387206	-0.388547	-0.386998	-0.38414	0.000997
4.89375	-0.392716	-0.392742	-0.392645	-0.392651	-0.390383	-0.390915	-0.390245	-0.389031	0.000306
4.91875	-0.392743	-0.392964	-0.392697	-0.392681	-0.392221	-0.391936	-0.39165	-0.39163	-0.000902
4.94375	-0.392711	-0.392835	-0.392842	-0.39278	-0.409184	-0.397408	-0.404255	-0.469769	-0.002562
4.96875	-0.392707	-0.394227	-0.402544	-0.401286	-0.914556	-0.785387	-0.964328	-1.16686	-0.08089
4.99375	-0.392703	-0.395976	-0.416236	-0.413658	-1.1813	-1.06796	-1.23181	-1.35888	-0.152442
5.01875	-0.392702	-0.3968	-0.422566	-0.419152	-1.30003	-1.18459	-1.3528	-1.46964	-0.183254
5.04375	-0.392702	-0.397182	-0.425517	-0.421721	-1.35207	-1.23844	-1.40494	-1.51127	-0.197596
5.06875	-0.392701	-0.397174	-0.425472	-0.421805	-1.36763	-1.25138	-1.42243	-1.5295	-0.199418
5.09375	-0.392701	-0.396487	-0.41993	-0.416907	-1.33411	-1.19937	-1.39673	-1.5293	-0.180003
5.11875	-0.3927	-0.394491	-0.404763	-0.40322	-0.949487	-0.810687	-0.991408	-1.2847	-0.090438
5.14375	-0.392678	-0.39343	-0.397882	-0.397244	-0.602115	-0.557566	-0.614125	-0.69884	-0.037034
5.16875	-0.392626	-0.392885	-0.39495	-0.394662	-0.490734	-0.467487	-0.496878	-0.543858	-0.01661
5.19375	-0.39263	-0.392703	-0.393671	-0.393547	-0.433432	-0.424148	-0.435684	-0.453794	-0.007059
5.21875	-0.392642	-0.392645	-0.39312	-0.393066	-0.410749	-0.40647	-0.411718	-0.420166	-0.003074
5.24375	-0.392659	-0.392641	-0.392881	-0.392858	-0.400426	-0.3986	-0.400803	-0.404363	-0.001299
5.26875	-0.392681	-0.392665	-0.392777	-0.392768	-0.396037	-0.395257	-0.396222	-0.397771	-0.000521
5.29375	-0.392724	-0.39271	-0.392726	-0.392728	-0.393816	-0.393794	-0.394204	-0.394466	7e-05
5.31875	-0.392706	-0.392608	-0.39243	-0.392523	-0.358754	-0.380644	-0.363341	-0.246114	0.004071
5.34375	-0.392703	-0.390983	-0.381115	-0.382539	0.17656	0.049058	0.227811	0.411179	0.091709
5.36875	-0.3927	-0.389331	-0.36833	-0.371006	0.410023	0.297308	0.460271	0.586902	0.156362
5.39375	-0.392699	-0.388549	-0.362395	-0.36587	0.5227	0.407757	0.575435	0.689982	0.185437
5.41875	-0.392699	-0.388204	-0.359755	-0.363561	0.569476	0.455919	0.62237	0.728325	0.198281
5.44375	-0.392699	-0.388252	-0.360125	-0.363753	0.582122	0.465281	0.637258	0.744903	0.198897
5.46875	-0.392699	-0.389061	-0.366656	-0.369575	0.537053	0.397681	0.601255	0.741771	0.174977
5.49375	-0.392703	-0.391079	-0.381832	-0.38323	0.108938	-0.01986	0.146203	0.423383	0.081217
5.51875	-0.392702	-0.39195	-0.387881	-0.38848	-0.196595	-0.23876	-0.184846	-0.107335	0.034731
5.54375	-0.392734	-0.392374	-0.390634	-0.390907	-0.302735	-0.324614	-0.297218	-0.253265	0.015664
5.56875	-0.392748	-0.392616	-0.3918	-0.391919	-0.354874	-0.363684	-0.352812	-0.336006	0.00678
5.59375	-0.392744	-0.392702	-0.392311	-0.392364	-0.376023	-0.380086	-0.375171	-0.367276	0.002984
5.61875	-0.392732	-0.392724	-0.392531	-0.392554	-0.385526	-0.387274	-0.385204	-0.381877	0.001297
5.64375	-0.392717	-0.392727	-0.392628	-0.392637	-0.389606	-0.390353	-0.389448	-0.387996	0.000508
5.66875	-0.392736	-0.392901	-0.392682	-0.392674	-0.391687	-0.391692	-0.391305	-0.390962	-0.000518
5.69375	-0.39272	-0.392861	-0.392727	-0.3927	-0.394522	-0.392539	-0.39266	-0.399018	-0.001105
5.71875	-0.392708	-0.393561	-0.397682	-0.39694	-0.725192	-0.621319	-0.753974	-1.00363	-0.046629
5.74375	-0.392704	-0.395592	-0.413208	-0.410957	-1.12785	-1.0143	-1.17708	-1.3165	-0.13812
5.76875	-0.392702	-0.3966	-0.421049	-0.417851	-1.26817	-1.1543	-1.31915	-1.44445	-0.175583
5.79375	-0.392702	-0.397111	-0.424962	-0.421227	-1.34062	-1.22738	-1.39293	-1.50204	-0.194797
5.81875	-0.392701	-0.39722	-0.425826	-0.422069	-1.36548	-1.25088	-1.41919	-1.52572	-0.2001
5.84375	-0.392701	-0.396826	-0.422684	-0.4194	-1.35515	-1.23031	-1.41396	-1.53211	-0.190506
5.86875	-0.3927	-0.395115	-0.409254	-0.407212	-1.12703	-0.962664	-1.18867	-1.45774	-0.122256
5.89375	-0.392692	-0.393648	-0.39916	-0.398361	-0.652753	-0.595233	-0.665291	-0.796322	-0.045948
5.91875	-0.392634	-0.393009	-0.395659	-0.395286	-0.518861	-0.490232	-0.526861	-0.581192	-0.021692
5.94375	-0.392626	-0.392737	-0.393941	-0.393784	-0.444169	-0.432465	-0.446799	-0.47108	-0.008984
5.96875	-0.392637	-0.392656	-0.393246	-0.393176	-0.415728	-0.410409	-0.41694	-0.427383	-0.003975
5.99375	-0.392653	-0.392638	-0.392934	-0.392904	-0.402512	-0.40022	-0.40296	-0.407556	-0.001678
