1.01875	1.86265e-08	3.72529e-08	0.24425
1.04375	1.86265e-08	3.72529e-08	0.24425
1.06875	0.043366	-0.0312269	0.216171
1.09375	0.043366	-0.0312269	0.216171
1.11875	0.0297692	-0.0343341	0.20801
1.14375	0.0297692	-0.0343341	0.20801
1.16875	0.0190556	-0.0345628	0.204974
1.19375	0.019566	-0.0348984	0.20263
1.21875	0.019566	-0.0348984	0.20263
1.24375	0.0188692	-0.0401914	0.19041
1.26875	0.0188692	-0.0401914	0.19041
1.29375	0.0238646	-0.0474722	0.174957
1.31875	0.0265202	-0.0494037	0.169488
1.34375	0.0265202	-0.0494037	0.169488
1.36875	0.027031	-0.0496832	0.168798
1.39375	0.0280448	-0.0413443	0.178461
1.41875	0.0280448	-0.0413443	0.178461
1.44375	0.0241615	-0.0326363	0.188163
1.46875	0.0240411	-0.0319737	0.194726
1.49375	0.0240411	-0.0319737	0.194726
1.51875	0.0246426	-0.0317939	0.197074
1.54375	0.0248946	-0.031881	0.197687
1.56875	0.0248946	-0.031881	0.197687
1.59375	0.0253588	-0.0317448	0.198223
1.61875	0.0268659	-0.0318983	0.200637
1.64375	0.0268659	-0.0318983	0.200637
1.66875	0.0393189	-0.0287303	0.212468
1.69375	0.0593011	-0.0266707	0.217276
1.71875	0.0647961	-0.0259415	0.221243
1.74375	0.0666453	-0.0254699	0.221705
1.76875	0.0714546	-0.0277922	0.222532
1.79375	0.0714546	-0.0277922	0.222532
1.81875	0.0412666	-0.0360077	0.208814
1.84375	0.0334802	-0.035712	0.205061
1.86875	0.0339505	-0.037215	0.202959
1.89375	0.0339505	-0.037215	0.202959
1.91875	0.0337108	-0.0370297	0.201952
1.94375	0.0337108	-0.0370297	0.201952
1.96875	0.0334508	-0.0372835	0.201594
1.99375	0.0370576	-0.0428478	0.195998
2.01875	0.0370576	-0.0428478	0.195998
2.04375	0.0434792	-0.0550183	0.173635
2.06875	0.0438137	-0.0554309	0.167913
2.09375	0.0440263	-0.0547749	0.166522
2.11875	0.0461555	-0.0553701	0.174914
2.14375	0.0420766	-0.0520844	0.186194
2.16875	0.0420766	-0.0520844	0.186194
2.19375	0.0353351	-0.0420556	0.195982
2.21875	0.034203	-0.0388048	0.196865
2.24375	0.034203	-0.0388048	0.196865
2.26875	0.034332	-0.0383047	0.198052
2.29375	0.034266	-0.0380801	0.198825
2.31875	0.0342763	-0.0381248	0.198702
2.34375	0.0347159	-0.0388905	0.200719
2.36875	0.0347159	-0.0388905	0.200719
2.39375	0.05832	-0.0375383	0.214188
2.41875	0.0737606	-0.0396162	0.216507
2.44375	0.0782628	-0.0407614	0.219723
2.46875	0.0765293	-0.0410328	0.222345
2.49375	0.0748472	-0.0403567	0.223285
2.51875	0.0748472	-0.0403567	0.223285
2.54375	0.066117	-0.0396724	0.22627
2.56875	0.066117	-0.0396724	0.22627
2.59375	0.0525113	-0.043215	0.215288
2.61875	0.0525113	-0.043215	0.215288
2.64375	0.0390728	-0.0458393	0.207165
2.66875	0.0382887	-0.0469536	0.204126
2.69375	0.0382647	-0.0479318	0.202734
2.71875	0.0380146	-0.0480434	0.202038
2.74375	0.0380146	-0.0480434	0.202038
2.76875	0.0409496	-0.0541738	0.198362
2.79375	0.0448357	-0.0609282	0.187353
2.81875	0.0448357	-0.0609282	0.187353
2.84375	0.0497781	-0.0653375	0.171689
2.86875	0.0473348	-0.066376	0.167484
2.89375	0.0448348	-0.0612601	0.184188
2.91875	0.0448348	-0.0612601	0.184188
2.94375	0.040483	-0.0572561	0.192188
2.96875	0.040483	-0.0572561	0.192188
2.99375	0.0396285	-0.0532358	0.195656
3.01875	0.0396285	-0.0532358	0.195656
3.04375	0.0403899	-0.0518327	0.198137
3.06875	0.0409522	-0.0517641	0.198945
3.09375	0.0409522	-0.0517641	0.198945
3.11875	0.0419359	-0.0515506	0.200092
3.14375	0.0419359	-0.0515506	0.200092
3.16875	0.0542665	-0.0499347	0.209866
3.19375	0.0730708	-0.0488642	0.215146
3.21875	0.0730708	-0.0488642	0.215146
3.24375	0.0779359	-0.0493155	0.221019
3.26875	0.0779359	-0.0493155	0.221019
3.29375	0.0824891	-0.048236	0.220879
3.31875	0.0824891	-0.048236	0.220879
3.34375	0.0767278	-0.0487428	0.216009
3.36875	0.062536	-0.0530213	0.209009
3.39375	0.0492683	-0.0548804	0.204237
3.41875	0.0492683	-0.0548804	0.204237
3.44375	0.0487046	-0.0556286	0.202931
3.46875	0.0487688	-0.0560673	0.201963
3.49375	0.0472227	-0.0614631	0.190244
3.51875	0.0472227	-0.0614631	0.190244
3.54375	0.0529867	-0.0692548	0.17913
3.56875	0.0544089	-0.0734338	0.17001
3.59375	0.0544089	-0.0734338	0.17001
3.61875	0.0547579	-0.0744592	0.167314
3.64375	0.0562209	-0.0751231	0.169404
3.66875	0.0562209	-0.0751231	0.169404
3.69375	0.0533293	-0.0748686	0.181206
3.71875	0.0533293	-0.0748686	0.181206
3.74375	0.0533293	-0.0748686	0.181206
3.76875	0.0470369	-0.0724125	0.19219
3.79375	0.046657	-0.0644869	0.196088
3.81875	0.0470131	-0.0601201	0.197776
3.84375	0.0470131	-0.0601201	0.197776
3.86875	0.0474134	-0.0602179	0.198815
3.89375	0.0494287	-0.0600242	0.200991
3.91875	0.0494287	-0.0600242	0.200991
3.94375	0.0622702	-0.0589045	0.21038
3.96875	0.0815981	-0.0583168	0.217618
3.99375	0.0815981	-0.0583168	0.217618
4.01875	0.0896732	-0.0582651	0.220753
4.04375	0.0896732	-0.0582651	0.220753
4.06875	0.0833981	-0.0582726	0.218449
4.09375	0.070773	-0.0608	0.211814
4.11875	0.070773	-0.0608	0.211814
4.14375	0.070773	-0.0608	0.211814
4.16875	0.057729	-0.0620586	0.205669
4.19375	0.057729	-0.0620586	0.205669
4.21875	0.0547366	-0.0621002	0.203124
4.24375	0.0546228	-0.0646769	0.2002
4.26875	0.056438	-0.0693818	0.193962
4.29375	0.056438	-0.0693818	0.193962
4.31875	0.0599564	-0.0750081	0.179102
4.34375	0.0624552	-0.0807882	0.169687
4.36875	0.0624552	-0.0807882	0.169687
4.39375	0.0621026	-0.0806103	0.167012
4.41875	0.0638208	-0.0800137	0.174658
4.44375	0.05972	-0.075419	0.186581
4.46875	0.0552761	-0.0727864	0.193719
4.49375	0.0537983	-0.0686308	0.196285
4.51875	0.0537983	-0.0686308	0.196285
4.54375	0.0539324	-0.0655729	0.197557
4.56875	0.0542474	-0.0652411	0.198545
4.59375	0.0544301	-0.0652293	0.198937
4.61875	0.0544301	-0.0652293	0.198937
4.64375	0.0554642	-0.0661007	0.20074
4.66875	0.0554642	-0.0661007	0.20074
4.69375	0.0681356	-0.0652058	0.211225
4.71875	0.0893343	-0.06476	0.216405
4.74375	0.0929819	-0.0651321	0.221179
4.76875	0.0935258	-0.0661924	0.222314
4.79375	0.0935258	-0.0661924	0.222314
4.81875	0.0896447	-0.0662356	0.225381
4.84375	0.0806521	-0.0701511	0.218789
4.86875	0.0680836	-0.07273	0.20887
4.89375	0.0680836	-0.07273	0.20887
4.91875	0.0593577	-0.072713	0.204419
4.94375	0.0604404	-0.0736984	0.202435
4.96875	0.0604404	-0.0736984	0.202435
4.99375	0.0601989	-0.0738954	0.201495
5.01875	0.062276	-0.080537	0.197279
5.04375	0.0660148	-0.0876064	0.188187
5.06875	0.0695402	-0.0928428	0.177996
5.09375	0.0694546	-0.0932415	0.170616
5.11875	0.0698943	-0.090486	0.166101
5.14375	0.0718318	-0.0910717	0.172647
5.16875	0.0681116	-0.0865166	0.185607
5.19375	0.0681116	-0.0865166	0.185607
5.21875	0.0632399	-0.0815041	0.193844
5.24375	0.0620818	-0.076653	0.195982
5.26875	0.0622057	-0.0750826	0.1976
5.29375	0.0622057	-0.0750826	0.1976
5.31875	0.0628721	-0.074556	0.198927
5.34375	0.0631822	-0.074515	0.199257
5.36875	0.06377	-0.0750265	0.201233
5.39375	0.0727696	-0.074027	0.210335
5.41875	0.0727696	-0.074027	0.210335
5.44375	0.108951	-0.0745424	0.216367
5.46875	0.112411	-0.0740589	0.219056
5.49375	0.108328	-0.0737061	0.221986
5.51875	0.109831	-0.0740924	0.222611
5.54375	0.11319	-0.0765049	0.225684
5.56875	0.109102	-0.0822904	0.221144
5.59375	0.109102	-0.0822904	0.221144
5.61875	0.0896927	-0.0869147	0.209703
5.64375	0.0822647	-0.0871232	0.20611
5.66875	0.0833261	-0.0882863	0.203097
5.69375	0.0831275	-0.0882692	0.202341
5.71875	0.0829464	-0.088515	0.201657
5.74375	0.085068	-0.0939849	0.197873
5.76875	0.085068	-0.0939849	0.197873
5.79375	0.0891504	-0.1002	0.188769
5.81875	0.0933626	-0.104523	0.179077
5.84375	0.0943295	-0.107527	0.17068
5.86875	0.0943295	-0.107527	0.17068
5.89375	0.0945246	-0.106147	0.167141
5.91875	0.0957016	-0.106338	0.170138
5.94375	0.0957016	-0.106338	0.170138
5.96875	0.0923522	-0.105337	0.182346
5.99375	0.0864403	-0.10232	0.19234
