1.01875	1.86265e-08	3.72529e-08	0.24425
1.04375	-0.269049	0.131429	0.153981
1.06875	-0.256835	0.127529	0.164596
1.09375	-0.256835	0.127529	0.164596
1.11875	-0.230717	0.125495	0.18268
1.14375	-0.22807	0.128009	0.187835
1.16875	-0.218579	0.130172	0.191961
1.19375	-0.210374	0.131908	0.202444
1.21875	-0.204051	0.133523	0.230395
1.24375	-0.204051	0.133523	0.230395
1.26875	-0.201003	0.13168	0.23459
1.29375	-0.201003	0.13168	0.23459
1.31875	-0.195399	0.126215	0.233676
1.34375	-0.188526	0.118454	0.232283
1.36875	-0.188526	0.118454	0.232283
1.39375	-0.180657	0.108292	0.231544
1.41875	-0.180657	0.108292	0.231544
1.44375	-0.17385	0.0976005	0.233015
1.46875	-0.17385	0.0976005	0.233015
1.49375	-0.169795	0.0903181	0.232728
1.51875	-0.173281	0.0895254	0.235079
1.54375	-0.173281	0.0895254	0.235079
1.56875	-0.18563	0.0955862	0.240493
1.59375	-0.18563	0.0955862	0.240493
1.61875	-0.204518	0.110462	0.241958
1.64375	-0.228175	0.135451	0.243553
1.66875	-0.228175	0.135451	0.243553
1.69375	-0.261347	0.171001	0.245206
1.71875	-0.30055	0.212633	0.232001
1.74375	-0.339336	0.255878	0.198225
1.76875	-0.351818	0.310588	0.163065
1.79375	-0.351818	0.310588	0.163065
1.81875	-0.363001	0.356211	0.131871
1.84375	-0.370514	0.351095	0.142218
1.86875	-0.359489	0.345778	0.160196
1.89375	-0.344689	0.344196	0.189508
1.91875	-0.338169	0.343038	0.195638
1.94375	-0.33424	0.341966	0.201191
1.96875	-0.33018	0.339674	0.210374
1.99375	-0.33018	0.339674	0.210374
2.01875	-0.318808	0.324809	0.227064
2.04375	-0.313998	0.317958	0.225872
2.06875	-0.309163	0.311624	0.225645
2.09375	-0.305745	0.304814	0.226664
2.11875	-0.303464	0.296442	0.227639
2.14375	-0.303464	0.296442	0.227639
2.16875	-0.303464	0.296442	0.227639
2.19375	-0.303312	0.27363	0.230276
2.21875	-0.305528	0.261383	0.228305
2.24375	-0.30498	0.257351	0.236888
2.26875	-0.30498	0.257351	0.236888
2.29375	-0.301302	0.25997	0.248509
2.31875	-0.300967	0.26786	0.258362
2.34375	-0.307952	0.282987	0.264658
2.36875	-0.326629	0.305715	0.271666
2.39375	-0.358054	0.335333	0.278758
2.41875	-0.358054	0.335333	0.278758
2.44375	-0.397729	0.36901	0.27392
2.46875	-0.439083	0.403284	0.248229
2.49375	-0.480978	0.437615	0.20013
2.51875	-0.524709	0.469342	0.130256
2.54375	-0.551329	0.490883	0.12944
2.56875	-0.594677	0.492998	0.158194
2.59375	-0.594677	0.492998	0.158194
2.61875	-0.58813	0.494515	0.189387
2.64375	-0.586303	0.49391	0.196604
2.66875	-0.581816	0.492599	0.197138
2.69375	-0.581863	0.496154	0.194844
2.71875	-0.581863	0.496154	0.194844
2.74375	-0.589034	0.49834	0.230697
2.76875	-0.590008	0.495022	0.231775
2.79375	-0.588881	0.487474	0.230784
2.81875	-0.588881	0.487474	0.230784
2.84375	-0.582642	0.465511	0.229279
2.86875	-0.579863	0.436002	0.230825
2.89375	-0.582966	0.42243	0.228986
2.91875	-0.582966	0.42243	0.228986
2.94375	-0.609947	0.409372	0.225184
2.96875	-0.609947	0.409372	0.225184
2.99375	-0.626385	0.421164	0.250621
3.01875	-0.608294	0.462858	0.281482
3.04375	-0.58971	0.49517	0.281236
3.06875	-0.570559	0.531539	0.255704
3.09375	-0.570559	0.531539	0.255704
3.11875	-0.540899	0.597122	0.14112
3.14375	-0.549513	0.60397	0.134662
3.16875	-0.557734	0.605744	0.139156
3.19375	-0.557734	0.605744	0.139156
3.21875	-0.5658	0.609054	0.140055
3.24375	-0.573313	0.612056	0.140171
3.26875	-0.573313	0.612056	0.140171
3.29375	-0.580945	0.614315	0.14049
3.31875	-0.593939	0.611358	0.146442
3.34375	-0.593939	0.611358	0.146442
3.36875	-0.599486	0.613366	0.153917
3.39375	-0.587483	0.615844	0.167571
3.41875	-0.581738	0.618908	0.182102
3.44375	-0.580347	0.622576	0.192556
3.46875	-0.580347	0.622576	0.192556
3.49375	-0.579871	0.626394	0.203279
3.51875	-0.579466	0.627237	0.22067
3.54375	-0.579466	0.627237	0.22067
3.56875	-0.582198	0.626861	0.232493
3.59375	-0.582075	0.624374	0.236684
3.61875	-0.57724	0.618443	0.235471
3.64375	-0.569776	0.610631	0.234737
3.66875	-0.569776	0.610631	0.234737
3.69375	-0.556157	0.595952	0.234048
3.71875	-0.557343	0.594907	0.237734
3.74375	-0.566287	0.598876	0.24272
3.76875	-0.581737	0.60787	0.245861
3.79375	-0.581737	0.60787	0.245861
3.81875	-0.635479	0.648671	0.245947
3.84375	-0.671932	0.68598	0.240427
3.86875	-0.671932	0.68598	0.240427
3.89375	-0.671932	0.68598	0.240427
3.91875	-0.671932	0.68598	0.240427
3.94375	-0.671932	0.68598	0.240427
3.96875	-0.671932	0.68598	0.240427
3.99375	-0.671932	0.68598	0.240427
4.01875	-0.710995	0.726224	0.212924
4.04375	-0.710995	0.726224	0.212924
4.06875	-0.710995	0.726224	0.212924
4.09375	-0.759491	0.812501	0.142014
4.11875	-0.760835	0.812446	0.14363
4.14375	-0.760835	0.812446	0.14363
4.16875	-0.760835	0.812446	0.14363
4.19375	-0.766534	0.809962	0.150229
4.21875	-0.738614	0.800288	0.190847
4.24375	-0.738614	0.800288	0.190847
4.26875	-0.73596	0.799991	0.20525
4.29375	-0.73596	0.799991	0.20525
4.31875	-0.73247	0.798152	0.214135
4.34375	-0.73247	0.798152	0.214135
4.36875	-0.73247	0.798152	0.214135
4.39375	-0.73247	0.798152	0.214135
4.41875	-0.729482	0.795984	0.226817
4.44375	-0.725147	0.787221	0.230365
4.46875	-0.719585	0.778192	0.233878
4.49375	-0.721003	0.77491	0.235257
4.51875	-0.721003	0.77491	0.235257
4.54375	-0.731421	0.779957	0.234469
4.56875	-0.751544	0.794296	0.230033
4.59375	-0.751544	0.794296	0.230033
4.61875	-0.776673	0.821425	0.22065
4.64375	-0.776673	0.821425	0.22065
4.66875	-0.806497	0.860088	0.203043
4.69375	-0.806497	0.860088	0.203043
4.71875	-0.806497	0.860088	0.203043
4.74375	-0.806497	0.860088	0.203043
4.76875	-0.806497	0.860088	0.203043
4.79375	-0.806497	0.860088	0.203043
4.81875	-0.806497	0.860088	0.203043
4.84375	-0.834691	0.899396	0.162716
4.86875	-0.856091	0.933325	0.136694
4.89375	-0.856091	0.933325	0.136694
4.91875	-0.861672	0.924678	0.146742
4.94375	-0.852773	0.920411	0.163222
4.96875	-0.838809	0.917217	0.177866
4.99375	-0.833934	0.919955	0.187018
5.01875	-0.833934	0.919955	0.187018
5.04375	-0.831916	0.923417	0.198868
5.06875	-0.827666	0.925276	0.216638
5.09375	-0.825899	0.927945	0.232133
5.11875	-0.822395	0.928184	0.233225
5.14375	-0.818025	0.926061	0.233615
5.16875	-0.818025	0.926061	0.233615
5.19375	-0.811729	0.921155	0.232879
5.21875	-0.80241	0.911629	0.236508
5.24375	-0.796203	0.906246	0.237384
5.26875	-0.796203	0.906246	0.237384
5.29375	-0.796163	0.908638	0.237833
5.31875	-0.796163	0.908638	0.237833
5.34375	-0.802899	0.919526	0.239734
5.36875	-0.802899	0.919526	0.239734
5.39375	-0.815426	0.939886	0.236223
5.41875	-0.851607	1.0218	0.225555
5.44375	-0.851607	1.0218	0.225555
5.46875	-0.877143	1.07606	0.201643
5.49375	-0.904724	1.12757	0.15501
5.51875	-0.904724	1.12757	0.15501
5.54375	-0.928527	1.16576	0.133966
5.56875	-0.931991	1.17088	0.139976
5.59375	-0.932783	1.16386	0.145445
5.61875	-0.937469	1.15246	0.154471
5.64375	-0.928942	1.14357	0.165053
5.66875	-0.916174	1.13118	0.174623
5.69375	-0.916174	1.13118	0.174623
5.71875	-0.900837	1.12787	0.195017
5.74375	-0.894483	1.12701	0.202879
5.76875	-0.894483	1.12701	0.202879
5.79375	-0.89249	1.126	0.211804
5.81875	-0.890441	1.12307	0.226194
5.84375	-0.886746	1.11695	0.228571
5.86875	-0.881762	1.11061	0.225984
5.89375	-0.877093	1.10448	0.225099
5.91875	-0.877093	1.10448	0.225099
5.94375	-0.87347	1.09723	0.225306
5.96875	-0.871471	1.08992	0.227673
5.99375	-0.872821	1.0842	0.228889
