1.01875	1.86265e-08	3.72529e-08	0.24425
1.04375	1.86265e-08	3.72529e-08	0.24425
1.06875	-0.189356	-0.00967824	0.153262
1.09375	-0.189356	-0.00967824	0.153262
1.11875	-0.169735	0.00360429	0.179265
1.14375	-0.158616	0.0107872	0.187348
1.16875	-0.155481	0.0155431	0.194054
1.19375	-0.150666	0.0242261	0.201591
1.21875	-0.146071	0.0280448	0.211607
1.24375	-0.137564	0.0300669	0.235465
1.26875	-0.137564	0.0300669	0.235465
1.29375	-0.129506	0.0338566	0.235406
1.31875	-0.129506	0.0338566	0.235406
1.34375	-0.129506	0.0338566	0.235406
1.36875	-0.107055	0.04164	0.231152
1.39375	-0.0936645	0.0433432	0.231577
1.41875	-0.0936645	0.0433432	0.231577
1.44375	-0.0791204	0.044264	0.231741
1.46875	-0.0791204	0.044264	0.231741
1.49375	-0.069813	0.0393652	0.233869
1.51875	-0.0673125	0.0299582	0.241177
1.54375	-0.0673125	0.0299582	0.241177
1.56875	-0.0707356	0.0189878	0.249238
1.59375	-0.0707356	0.0189878	0.249238
1.61875	-0.0811762	0.00540687	0.253528
1.64375	-0.0984854	-0.0146966	0.258551
1.66875	-0.122698	-0.0475953	0.265798
1.69375	-0.122698	-0.0475953	0.265798
1.71875	-0.151965	-0.0895329	0.263149
1.74375	-0.182296	-0.133289	0.239852
1.76875	-0.214029	-0.176262	0.195606
1.79375	-0.269519	-0.196136	0.153212
1.81875	-0.312157	-0.218343	0.120149
1.84375	-0.316767	-0.226081	0.130584
1.86875	-0.316767	-0.226081	0.130584
1.89375	-0.316767	-0.226081	0.130584
1.91875	-0.31283	-0.221682	0.20055
1.94375	-0.313306	-0.22219	0.20336
1.96875	-0.313306	-0.22219	0.20336
1.99375	-0.313835	-0.221595	0.204799
2.01875	-0.311981	-0.218462	0.212452
2.04375	-0.309914	-0.219334	0.22458
2.06875	-0.309914	-0.219334	0.22458
2.09375	-0.309914	-0.219334	0.22458
2.11875	-0.309914	-0.219334	0.22458
2.14375	-0.306414	-0.221188	0.229215
2.16875	-0.287115	-0.216231	0.230012
2.19375	-0.273355	-0.210897	0.233595
2.21875	-0.273355	-0.210897	0.233595
2.24375	-0.265743	-0.212383	0.23279
2.26875	-0.265925	-0.22308	0.232849
2.29375	-0.265925	-0.22308	0.232849
2.31875	-0.296094	-0.261791	0.233846
2.34375	-0.328084	-0.291508	0.22785
2.36875	-0.328084	-0.291508	0.22785
2.39375	-0.405834	-0.358034	0.162531
2.41875	-0.446771	-0.376706	0.125385
2.44375	-0.4509	-0.383724	0.127601
2.46875	-0.4509	-0.383724	0.127601
2.49375	-0.449093	-0.389502	0.134536
2.51875	-0.449506	-0.392262	0.136293
2.54375	-0.450165	-0.395818	0.138171
2.56875	-0.450165	-0.395818	0.138171
2.59375	-0.437287	-0.39541	0.150497
2.61875	-0.431353	-0.385022	0.168273
2.64375	-0.431353	-0.385022	0.168273
2.66875	-0.428882	-0.370619	0.184427
2.69375	-0.429038	-0.361871	0.189206
2.71875	-0.431657	-0.358311	0.192377
2.74375	-0.431657	-0.358311	0.192377
2.76875	-0.433467	-0.355601	0.203562
2.79375	-0.433709	-0.352957	0.223278
2.81875	-0.433669	-0.351689	0.232452
2.84375	-0.433669	-0.351689	0.232452
2.86875	-0.433669	-0.351689	0.232452
2.89375	-0.433669	-0.351689	0.232452
2.91875	-0.42394	-0.342605	0.231916
2.94375	-0.403428	-0.328479	0.23397
2.96875	-0.394328	-0.322411	0.23336
2.99375	-0.393338	-0.323705	0.237579
3.01875	-0.399154	-0.332073	0.243682
3.04375	-0.399154	-0.332073	0.243682
3.06875	-0.399154	-0.332073	0.243682
3.09375	-0.399154	-0.332073	0.243682
3.11875	-0.55595	-0.465215	0.222923
3.14375	-0.55595	-0.465215	0.222923
3.16875	-0.637976	-0.499881	0.135839
3.19375	-0.637976	-0.499881	0.135839
3.21875	-0.637976	-0.499881	0.135839
3.24375	-0.637976	-0.499881	0.135839
3.26875	-0.637976	-0.499881	0.135839
3.29375	-0.637976	-0.499881	0.135839
3.31875	-0.641183	-0.500649	0.136874
3.34375	-0.648	-0.506156	0.137215
3.36875	-0.648	-0.506156	0.137215
3.39375	-0.636667	-0.505402	0.145526
3.41875	-0.636667	-0.505402	0.145526
3.44375	-0.636667	-0.505402	0.145526
3.46875	-0.636667	-0.505402	0.145526
3.49375	-0.636667	-0.505402	0.145526
3.51875	-0.621938	-0.484751	0.157525
3.54375	-0.633178	-0.455726	0.207863
3.56875	-0.633178	-0.455726	0.207863
3.59375	-0.633277	-0.456576	0.214923
3.61875	-0.633277	-0.456576	0.214923
3.64375	-0.633277	-0.456576	0.214923
3.66875	-0.633277	-0.456576	0.214923
3.69375	-0.633277	-0.456576	0.214923
3.71875	-0.632726	-0.457329	0.225042
3.74375	-0.619799	-0.451102	0.225272
3.76875	-0.620795	-0.443406	0.2308
3.79375	-0.620795	-0.443406	0.2308
3.81875	-0.620795	-0.443406	0.2308
3.84375	-0.620795	-0.443406	0.2308
3.86875	-0.620795	-0.443406	0.2308
3.89375	-0.620795	-0.443406	0.2308
3.91875	-0.636292	-0.434161	0.240214
3.94375	-0.787853	-0.496624	0.225283
3.96875	-0.82247	-0.533445	0.183549
3.99375	-0.82247	-0.533445	0.183549
4.01875	-0.82247	-0.533445	0.183549
4.04375	-0.82247	-0.533445	0.183549
4.06875	-0.82247	-0.533445	0.183549
4.09375	-0.82247	-0.533445	0.183549
4.11875	-0.870241	-0.561651	0.144753
4.14375	-0.861846	-0.563962	0.153178
4.16875	-0.845878	-0.549084	0.162776
4.19375	-0.845994	-0.542858	0.169073
4.21875	-0.845994	-0.542858	0.169073
4.24375	-0.845994	-0.542858	0.169073
4.26875	-0.845994	-0.542858	0.169073
4.29375	-0.845994	-0.542858	0.169073
4.31875	-0.845994	-0.542858	0.169073
4.34375	-0.857312	-0.515808	0.234339
4.36875	-0.857312	-0.515808	0.234339
4.39375	-0.854908	-0.511507	0.232856
4.41875	-0.854908	-0.511507	0.232856
4.44375	-0.854908	-0.511507	0.232856
4.46875	-0.854908	-0.511507	0.232856
4.49375	-0.854908	-0.511507	0.232856
4.51875	-0.844403	-0.506228	0.236339
4.54375	-0.850718	-0.513851	0.240412
4.56875	-0.850718	-0.513851	0.240412
4.59375	-0.900247	-0.543833	0.244982
4.61875	-0.900247	-0.543833	0.244982
4.64375	-0.900247	-0.543833	0.244982
4.66875	-0.900247	-0.543833	0.244982
4.69375	-0.900247	-0.543833	0.244982
4.71875	-0.937665	-0.566321	0.228419
4.74375	-1.02456	-0.632588	0.14372
4.76875	-1.02512	-0.629166	0.141162
4.79375	-1.02512	-0.629166	0.141162
4.81875	-1.02526	-0.628419	0.140795
4.84375	-1.01776	-0.63328	0.149481
4.86875	-1.01176	-0.624788	0.162188
4.89375	-1.00489	-0.612115	0.173986
4.91875	-1.00489	-0.612115	0.173986
4.94375	-1.00489	-0.612115	0.173986
4.96875	-1.00489	-0.612115	0.173986
4.99375	-1.00489	-0.612115	0.173986
5.01875	-0.998831	-0.584674	0.214563
5.04375	-0.995496	-0.585766	0.213213
5.06875	-0.991842	-0.587601	0.216046
5.09375	-0.98802	-0.589802	0.221492
5.11875	-0.98802	-0.589802	0.221492
5.14375	-0.98802	-0.589802	0.221492
5.16875	-0.98802	-0.589802	0.221492
5.19375	-0.98802	-0.589802	0.221492
5.21875	-0.98802	-0.589802	0.221492
5.24375	-0.962274	-0.580517	0.225086
5.26875	-0.95918	-0.572661	0.231292
5.29375	-0.95918	-0.572661	0.231292
5.31875	-0.95918	-0.572661	0.231292
5.34375	-0.95918	-0.572661	0.231292
5.36875	-0.95918	-0.572661	0.231292
5.39375	-0.95918	-0.572661	0.231292
5.41875	-0.969411	-0.562159	0.240621
5.44375	-1.1138	-0.602323	0.241852
5.46875	-1.1138	-0.602323	0.241852
5.49375	-1.22694	-0.695638	0.136392
5.51875	-1.22694	-0.695638	0.136392
5.54375	-1.22694	-0.695638	0.136392
5.56875	-1.22694	-0.695638	0.136392
5.59375	-1.22694	-0.695638	0.136392
5.61875	-1.22694	-0.695638	0.136392
5.64375	-1.22943	-0.702556	0.148792
5.66875	-1.21448	-0.690181	0.165658
5.69375	-1.20469	-0.679187	0.174705
5.71875	-1.2117	-0.674729	0.187037
5.74375	-1.2117	-0.674729	0.187037
5.76875	-1.21621	-0.671447	0.20037
5.79375	-1.21875	-0.668859	0.218006
5.81875	-1.21875	-0.668859	0.218006
5.84375	-1.2224	-0.663387	0.234068
5.86875	-1.22117	-0.657626	0.23131
5.89375	-1.22117	-0.657626	0.23131
5.91875	-1.21742	-0.651767	0.227717
5.94375	-1.21248	-0.647871	0.227213
5.96875	-1.20738	-0.646057	0.229052
5.99375	-1.20216	-0.645618	0.231924
