1.01875	1.86265e-08	3.72529e-08	0.24425
1.04375	1.86265e-08	3.72529e-08	0.24425
1.06875	1.86265e-08	3.72529e-08	0.24425
1.09375	-0.310269	-0.0676186	0.125508
1.11875	-0.320238	-0.0894716	0.141652
1.14375	-0.320238	-0.0894716	0.141652
1.16875	-0.331638	-0.0942845	0.163201
1.19375	-0.334743	-0.0923277	0.182767
1.21875	-0.334743	-0.0923277	0.182767
1.24375	-0.337698	-0.0913722	0.196277
1.26875	-0.337698	-0.0913722	0.196277
1.29375	-0.341232	-0.0906875	0.215622
1.31875	-0.341232	-0.0906875	0.215622
1.34375	-0.342453	-0.0891183	0.236006
1.36875	-0.342453	-0.0891183	0.236006
1.39375	-0.341398	-0.0860862	0.238603
1.41875	-0.338324	-0.0809492	0.235706
1.44375	-0.330159	-0.0721277	0.236788
1.46875	-0.330159	-0.0721277	0.236788
1.49375	-0.320638	-0.0641296	0.234212
1.51875	-0.315218	-0.0655511	0.235023
1.54375	-0.316655	-0.0769233	0.242576
1.56875	-0.325586	-0.0936679	0.250246
1.59375	-0.342262	-0.119843	0.248964
1.61875	-0.365601	-0.163552	0.247186
1.64375	-0.388888	-0.21261	0.228031
1.66875	-0.411526	-0.260991	0.184817
1.69375	-0.411526	-0.260991	0.184817
1.71875	-0.456502	-0.290227	0.141914
1.74375	-0.456502	-0.290227	0.141914
1.76875	-0.456502	-0.290227	0.141914
1.79375	-0.474967	-0.3152	0.125309
1.81875	-0.475379	-0.33319	0.136594
1.84375	-0.464784	-0.330939	0.15156
1.86875	-0.464784	-0.330939	0.15156
1.89375	-0.461142	-0.320355	0.16449
1.91875	-0.463381	-0.302568	0.175186
1.94375	-0.463381	-0.302568	0.175186
1.96875	-0.474394	-0.285501	0.193433
1.99375	-0.479156	-0.280388	0.209515
2.01875	-0.483303	-0.276316	0.238998
2.04375	-0.482538	-0.269974	0.23786
2.06875	-0.482538	-0.269974	0.23786
2.09375	-0.471869	-0.256719	0.233509
2.11875	-0.455097	-0.249995	0.229401
2.14375	-0.449815	-0.251302	0.228939
2.16875	-0.449815	-0.251302	0.228939
2.19375	-0.446255	-0.254293	0.2295
2.21875	-0.446255	-0.254293	0.2295
2.24375	-0.441328	-0.257549	0.233541
2.26875	-0.441328	-0.257549	0.233541
2.29375	-0.438276	-0.263999	0.236096
2.31875	-0.438775	-0.277868	0.241561
2.34375	-0.438775	-0.277868	0.241561
2.36875	-0.448055	-0.293871	0.245366
2.39375	-0.448055	-0.293871	0.245366
2.41875	-0.463811	-0.317029	0.24852
2.44375	-0.463811	-0.317029	0.24852
2.46875	-0.485654	-0.353646	0.251692
2.49375	-0.512492	-0.402303	0.248105
2.51875	-0.512492	-0.402303	0.248105
2.54375	-0.539728	-0.453126	0.223703
2.56875	-0.539728	-0.453126	0.223703
2.59375	-0.570761	-0.500438	0.18465
2.61875	-0.626777	-0.526647	0.148148
2.64375	-0.643929	-0.545606	0.127654
2.66875	-0.643929	-0.545606	0.127654
2.69375	-0.642691	-0.541516	0.151896
2.71875	-0.645957	-0.534782	0.188744
2.74375	-0.649488	-0.530382	0.21959
2.76875	-0.651502	-0.525659	0.240791
2.79375	-0.648402	-0.512689	0.239386
2.81875	-0.648402	-0.512689	0.239386
2.84375	-0.64238	-0.50417	0.235161
2.86875	-0.64238	-0.50417	0.235161
2.89375	-0.63427	-0.494413	0.231486
2.91875	-0.626371	-0.486364	0.229716
2.94375	-0.626371	-0.486364	0.229716
2.96875	-0.617593	-0.478976	0.231754
2.99375	-0.613616	-0.475572	0.235847
3.01875	-0.613616	-0.475572	0.235847
3.04375	-0.617444	-0.476401	0.243059
3.06875	-0.617444	-0.476401	0.243059
3.09375	-0.6265	-0.481831	0.251064
3.11875	-0.642845	-0.491462	0.254217
3.14375	-0.667111	-0.505426	0.254551
3.16875	-0.701797	-0.526428	0.255049
3.19375	-0.701797	-0.526428	0.255049
3.21875	-0.748023	-0.555259	0.253236
3.24375	-0.800227	-0.586245	0.235104
3.26875	-0.853605	-0.61185	0.197628
3.29375	-0.910617	-0.602273	0.164606
3.31875	-0.960866	-0.595497	0.127084
3.34375	-0.980188	-0.613599	0.133743
3.36875	-0.972832	-0.619972	0.172378
3.39375	-0.972832	-0.619972	0.172378
3.41875	-0.970074	-0.612709	0.187117
3.44375	-0.970074	-0.612709	0.187117
3.46875	-0.963965	-0.606247	0.1929
3.49375	-0.961256	-0.606263	0.199232
3.51875	-0.961117	-0.608199	0.209793
3.54375	-0.961117	-0.608199	0.209793
3.56875	-0.961952	-0.611104	0.226398
3.59375	-0.961779	-0.613815	0.234098
3.61875	-0.959226	-0.613758	0.232038
3.64375	-0.953302	-0.611025	0.227761
3.66875	-0.94453	-0.60754	0.22541
3.69375	-0.933812	-0.604001	0.228561
3.71875	-0.923371	-0.605214	0.230509
3.74375	-0.920117	-0.611363	0.237154
3.76875	-0.920117	-0.611363	0.237154
3.79375	-0.926006	-0.618683	0.249339
3.81875	-0.935468	-0.636497	0.261144
3.84375	-0.949463	-0.665248	0.269061
3.86875	-0.971398	-0.699591	0.267522
3.89375	-1.00045	-0.730816	0.250974
3.91875	-1.03709	-0.755232	0.219047
3.94375	-1.13416	-0.796546	0.123917
3.96875	-1.13416	-0.796546	0.123917
3.99375	-1.14878	-0.863513	0.125154
4.01875	-1.14878	-0.863513	0.125154
4.04375	-1.15512	-0.875128	0.134134
4.06875	-1.15533	-0.875452	0.134377
4.09375	-1.14514	-0.871421	0.142008
4.11875	-1.13848	-0.85621	0.158557
4.14375	-1.13854	-0.835373	0.171429
4.16875	-1.13875	-0.825855	0.184908
4.19375	-1.13943	-0.826345	0.192835
4.21875	-1.14003	-0.8251	0.195656
4.24375	-1.14025	-0.82384	0.211058
4.26875	-1.14025	-0.82384	0.211058
4.29375	-1.13593	-0.82469	0.239621
4.31875	-1.13069	-0.821354	0.238357
4.34375	-1.12288	-0.815598	0.235446
4.36875	-1.11302	-0.807472	0.232803
4.39375	-1.10328	-0.799484	0.230052
4.41875	-1.10328	-0.799484	0.230052
4.44375	-1.10328	-0.799484	0.230052
4.46875	-1.09687	-0.794657	0.229121
4.49375	-1.09687	-0.794657	0.229121
4.51875	-1.09687	-0.794657	0.229121
4.54375	-1.10234	-0.79611	0.23479
4.56875	-1.11552	-0.804135	0.242314
4.59375	-1.13582	-0.817146	0.249293
4.61875	-1.1652	-0.834668	0.25052
4.64375	-1.2081	-0.857284	0.243539
4.66875	-1.2081	-0.857284	0.243539
4.69375	-1.2607	-0.880786	0.230827
4.71875	-1.36796	-0.905034	0.155397
4.74375	-1.36796	-0.905034	0.155397
4.76875	-1.41118	-0.905056	0.125287
4.79375	-1.41118	-0.905056	0.125287
4.81875	-1.42772	-0.917836	0.126031
4.84375	-1.43118	-0.918882	0.127027
4.86875	-1.4241	-0.922508	0.136819
4.89375	-1.41208	-0.926703	0.151599
4.91875	-1.4053	-0.915068	0.166838
4.94375	-1.4053	-0.915068	0.166838
4.96875	-1.40136	-0.905603	0.181269
4.99375	-1.39914	-0.899022	0.194716
5.01875	-1.39914	-0.899022	0.194716
5.04375	-1.39801	-0.896475	0.206442
5.06875	-1.39801	-0.896475	0.206442
5.09375	-1.39284	-0.890922	0.234309
5.11875	-1.39284	-0.890922	0.234309
5.14375	-1.38708	-0.885336	0.233934
5.16875	-1.37848	-0.876765	0.230216
5.19375	-1.36806	-0.869028	0.227202
5.21875	-1.35675	-0.864864	0.228
5.24375	-1.34423	-0.861844	0.23409
5.26875	-1.33146	-0.862684	0.233988
5.29375	-1.32329	-0.870539	0.240761
5.31875	-1.32303	-0.881081	0.255187
5.34375	-1.3254	-0.897774	0.265906
5.36875	-1.3254	-0.897774	0.265906
5.39375	-1.336	-0.919117	0.271658
5.41875	-1.336	-0.919117	0.271658
5.44375	-1.35198	-0.955798	0.276416
5.46875	-1.36853	-1.00021	0.268483
5.49375	-1.36853	-1.00021	0.268483
5.51875	-1.36853	-1.00021	0.268483
5.54375	-1.36853	-1.00021	0.268483
5.56875	-1.45753	-1.09544	0.174716
5.59375	-1.5098	-1.11396	0.136106
5.61875	-1.52706	-1.14715	0.130531
5.64375	-1.53176	-1.17215	0.147107
5.66875	-1.53399	-1.17413	0.178161
5.69375	-1.53399	-1.17413	0.178161
5.71875	-1.5377	-1.17224	0.195315
5.74375	-1.53824	-1.16925	0.198376
5.76875	-1.53875	-1.16681	0.203475
5.79375	-1.53804	-1.16507	0.220036
5.81875	-1.53453	-1.16483	0.236061
5.84375	-1.53453	-1.16483	0.236061
5.86875	-1.52762	-1.16063	0.23312
5.89375	-1.51845	-1.15619	0.232579
5.91875	-1.51845	-1.15619	0.232579
5.94375	-1.50592	-1.14932	0.232158
5.96875	-1.50592	-1.14932	0.232158
5.99375	-1.49255	-1.1426	0.231175
