1.01875	1.86265e-08	3.72529e-08	0.24425
1.04375	1.86265e-08	3.72529e-08	0.24425
1.06875	0.0791351	0.0428894	0.213461
1.09375	0.0791351	0.0428894	0.213461
1.11875	0.0766932	0.0396303	0.216692
1.14375	0.075638	0.0348825	0.218016
1.16875	0.0741688	0.0300695	0.219652
1.19375	0.074599	0.0224952	0.211058
1.21875	0.074599	0.0224952	0.211058
1.24375	0.074599	0.0224952	0.211058
1.26875	0.0735616	0.0047369	0.210661
1.29375	0.0733572	-0.00516778	0.212836
1.31875	0.0733572	-0.00516778	0.212836
1.34375	0.0733572	-0.00516778	0.212836
1.36875	0.0734305	-0.0219425	0.216483
1.39375	0.0734305	-0.0219425	0.216483
1.41875	0.0697364	-0.0283144	0.219919
1.44375	0.0655877	-0.0357843	0.22398
1.46875	0.0623733	-0.0444952	0.225583
1.49375	0.0612505	-0.0558484	0.224719
1.51875	0.0612505	-0.0558484	0.224719
1.54375	0.0603743	-0.0704562	0.222519
1.56875	0.0590807	-0.0870323	0.216407
1.59375	0.0590807	-0.0870323	0.216407
1.61875	0.0527694	-0.112637	0.175608
1.64375	0.0527694	-0.112637	0.175608
1.66875	0.052024	-0.0697134	0.169088
1.69375	0.0517595	-0.0709695	0.174088
1.71875	0.0517595	-0.0709695	0.174088
1.74375	0.0576147	-0.0677912	0.192883
1.76875	0.0594271	-0.0647595	0.202895
1.79375	0.0594271	-0.0647595	0.202895
1.81875	0.0579146	-0.0643273	0.209512
1.84375	0.0550378	-0.0656544	0.213032
1.86875	0.0528967	-0.0677596	0.21635
1.89375	0.0528967	-0.0677596	0.21635
1.91875	0.0515675	-0.0705464	0.218109
1.94375	0.0504413	-0.0733403	0.219392
1.96875	0.0526537	-0.073626	0.213562
1.99375	0.052707	-0.0747784	0.215392
2.01875	0.052707	-0.0747784	0.215392
2.04375	0.0561733	-0.0772357	0.219614
2.06875	0.0561733	-0.0772357	0.219614
2.09375	0.0585216	-0.0758316	0.222554
2.11875	0.0617898	-0.069662	0.225021
2.14375	0.063525	-0.0596933	0.2276
2.16875	0.0649353	-0.0469172	0.227818
2.19375	0.0647847	-0.0396246	0.228822
2.21875	0.0647847	-0.0396246	0.228822
2.24375	0.0642934	-0.0394414	0.228666
2.26875	0.0642934	-0.0394414	0.228666
2.29375	0.0635785	-0.0398081	0.228501
2.31875	0.0635785	-0.0398081	0.228501
2.34375	0.0640719	-0.0395752	0.228248
2.36875	0.0640719	-0.0395752	0.228248
2.39375	0.0631945	-0.0389824	0.227915
2.41875	0.0631945	-0.0389824	0.227915
2.44375	0.0592364	-0.0488512	0.21306
2.46875	0.0592364	-0.0488512	0.21306
2.49375	0.0544638	-0.0702424	0.173169
2.51875	0.0544638	-0.0702424	0.173169
2.54375	0.0546812	-0.0699661	0.164077
2.56875	0.055801	-0.0644228	0.177649
2.59375	0.0579029	-0.0611944	0.193958
2.61875	0.0579029	-0.0611944	0.193958
2.64375	0.0591049	-0.0600481	0.207616
2.66875	0.0584836	-0.0600644	0.216459
2.69375	0.0548145	-0.0626512	0.220509
2.71875	0.0548145	-0.0626512	0.220509
2.74375	0.0508383	-0.0774046	0.216359
2.76875	0.0505736	-0.0841143	0.216887
2.79375	0.0508976	-0.0912866	0.217035
2.81875	0.0508976	-0.0912866	0.217035
2.84375	0.0520058	-0.0999321	0.218426
2.86875	0.0491611	-0.0976852	0.225924
2.89375	0.0491611	-0.0976852	0.225924
2.91875	0.0463847	-0.0911706	0.231851
2.94375	0.0471746	-0.0863989	0.231711
2.96875	0.0471746	-0.0863989	0.231711
2.99375	0.0487697	-0.0792249	0.230878
3.01875	0.0487697	-0.0792249	0.230878
3.04375	0.0515507	-0.0694386	0.230316
3.06875	0.0547014	-0.0566849	0.228642
3.09375	0.0573788	-0.045161	0.228689
3.11875	0.0573788	-0.045161	0.228689
3.14375	0.0551743	-0.0455141	0.228174
3.16875	0.0502548	-0.0562482	0.211564
3.19375	0.0502548	-0.0562482	0.211564
3.21875	0.0443363	-0.0757791	0.167619
3.24375	0.046437	-0.0706924	0.172167
3.26875	0.0499003	-0.0649461	0.186578
3.29375	0.0499003	-0.0649461	0.186578
3.31875	0.0518545	-0.0601628	0.200663
3.34375	0.0508978	-0.0564524	0.209665
3.36875	0.0467928	-0.0550261	0.214595
3.39375	0.0433064	-0.0564503	0.217017
3.41875	0.0417128	-0.0581937	0.219452
3.44375	0.0396822	-0.0605554	0.220788
3.46875	0.0391025	-0.065223	0.212242
3.49375	0.0392704	-0.0710271	0.206742
3.51875	0.0392704	-0.0710271	0.206742
3.54375	0.0378471	-0.0776961	0.208057
3.56875	0.0367809	-0.0851407	0.209941
3.59375	0.0360569	-0.0925788	0.210955
3.61875	0.0357215	-0.0964097	0.2127
3.64375	0.0331324	-0.0986028	0.214915
3.66875	0.0307076	-0.101173	0.217789
3.69375	0.0281001	-0.104357	0.221355
3.71875	0.0281001	-0.104357	0.221355
3.74375	0.0251476	-0.10869	0.225432
3.76875	0.0251476	-0.10869	0.225432
3.79375	0.0233362	-0.114037	0.226943
3.81875	0.0233362	-0.114037	0.226943
3.84375	0.0214323	-0.121318	0.226706
3.86875	0.0190123	-0.123326	0.220711
3.89375	0.0190123	-0.123326	0.220711
3.91875	0.0145909	-0.131744	0.173468
3.94375	0.0145909	-0.131744	0.173468
3.96875	0.0132339	-0.131185	0.171068
3.99375	0.0128007	-0.132593	0.175959
4.01875	0.0142745	-0.129628	0.186549
4.04375	0.0142745	-0.129628	0.186549
4.06875	0.0173117	-0.125767	0.198095
4.09375	0.0173117	-0.125767	0.198095
4.11875	0.0192545	-0.124709	0.206928
4.14375	0.0166407	-0.127027	0.213071
4.16875	0.0166407	-0.127027	0.213071
4.19375	0.0127911	-0.1288	0.215771
4.21875	0.0127911	-0.1288	0.215771
4.24375	0.0111073	-0.13011	0.216903
4.26875	0.0111073	-0.13011	0.216903
4.29375	0.00942663	-0.134897	0.215342
4.31875	0.00892208	-0.139467	0.217713
4.34375	0.00892208	-0.139467	0.217713
4.36875	0.00942818	-0.144575	0.217358
4.39375	0.00785574	-0.148604	0.219429
4.41875	0.00785574	-0.148604	0.219429
4.44375	0.00560758	-0.149813	0.22361
4.46875	0.00578357	-0.146861	0.228413
4.49375	0.00578357	-0.146861	0.228413
4.51875	0.00966424	-0.134075	0.230342
4.54375	0.00966424	-0.134075	0.230342
4.56875	0.0184775	-0.111827	0.227156
4.59375	0.0212634	-0.10435	0.228121
4.61875	0.0212634	-0.10435	0.228121
4.64375	0.0152893	-0.11132	0.214473
4.66875	0.0152893	-0.11132	0.214473
4.69375	0.0073071	-0.129788	0.174373
4.71875	0.0073071	-0.129788	0.174373
4.74375	0.00694312	-0.131689	0.166035
4.76875	0.00694312	-0.131689	0.166035
4.79375	0.0114855	-0.129884	0.178156
4.81875	0.0114855	-0.129884	0.178156
4.84375	0.0142056	-0.126017	0.190839
4.86875	0.0144619	-0.123528	0.200622
4.89375	0.0144619	-0.123528	0.200622
4.91875	0.0120767	-0.123039	0.207166
4.94375	0.0120767	-0.123039	0.207166
4.96875	0.009293	-0.123558	0.210402
4.99375	0.00632652	-0.129514	0.208696
5.01875	0.00632652	-0.129514	0.208696
5.04375	0.00378175	-0.136181	0.210663
5.06875	0.00378175	-0.136181	0.210663
5.09375	0.00132111	-0.144059	0.212417
5.11875	0.000122063	-0.152153	0.212322
5.14375	0.000122063	-0.152153	0.212322
5.16875	-0.00356848	-0.156023	0.215432
5.19375	-0.00796281	-0.158749	0.220091
5.21875	-0.0111571	-0.161811	0.223965
5.24375	-0.0111571	-0.161811	0.223965
5.26875	-0.0188021	-0.17011	0.228681
5.29375	-0.0188021	-0.17011	0.228681
5.31875	-0.0257919	-0.185369	0.226898
5.34375	-0.0308836	-0.19641	0.224813
5.36875	-0.0308836	-0.19641	0.224813
5.39375	-0.0366521	-0.203427	0.217684
5.41875	-0.0366521	-0.203427	0.217684
5.44375	-0.0433984	-0.212776	0.185278
5.46875	-0.0433984	-0.212776	0.185278
5.49375	-0.03802	-0.208396	0.158174
5.51875	-0.037938	-0.213075	0.166679
5.54375	-0.0337526	-0.214488	0.178314
5.56875	-0.0285414	-0.209171	0.201086
5.59375	-0.0300253	-0.209104	0.206872
5.61875	-0.0320898	-0.211061	0.20947
5.64375	-0.0320898	-0.211061	0.20947
5.66875	-0.0332952	-0.214676	0.212363
5.69375	-0.0332952	-0.214676	0.212363
5.71875	-0.0337462	-0.216064	0.215141
5.74375	-0.0342533	-0.216649	0.21601
5.76875	-0.0424188	-0.233315	0.204882
5.79375	-0.0479193	-0.243261	0.205696
5.81875	-0.0479193	-0.243261	0.205696
5.84375	-0.0532868	-0.25426	0.207249
5.86875	-0.057359	-0.263896	0.20848
5.89375	-0.0611415	-0.273029	0.209596
5.91875	-0.0689199	-0.281716	0.210428
5.94375	-0.0689199	-0.281716	0.210428
5.96875	-0.0689199	-0.281716	0.210428
5.99375	-0.100526	-0.327738	0.204143
