1.01875	1.86265e-08	3.72529e-08	0.24425
1.04375	-0.3194	-0.0672949	0.133785
1.06875	-0.3194	-0.0672949	0.133785
1.09375	-0.28217	-0.0460238	0.174489
1.11875	-0.283817	-0.0416266	0.188954
1.14375	-0.28586	-0.0395688	0.194199
1.16875	-0.28586	-0.0395688	0.194199
1.19375	-0.287036	-0.0388853	0.196383
1.21875	-0.287144	-0.036866	0.197401
1.24375	-0.286713	-0.0371486	0.210629
1.26875	-0.285303	-0.0385321	0.229768
1.29375	-0.283964	-0.0400883	0.23708
1.31875	-0.283964	-0.0400883	0.23708
1.34375	-0.279257	-0.0384396	0.234678
1.36875	-0.279257	-0.0384396	0.234678
1.39375	-0.27105	-0.0351821	0.229829
1.41875	-0.257468	-0.0309509	0.229215
1.44375	-0.257468	-0.0309509	0.229215
1.46875	-0.251032	-0.0296707	0.239258
1.49375	-0.251032	-0.0296707	0.239258
1.51875	-0.25547	-0.0293322	0.25748
1.54375	-0.262926	-0.0382465	0.272357
1.56875	-0.262926	-0.0382465	0.272357
1.59375	-0.274309	-0.0604395	0.283526
1.61875	-0.274309	-0.0604395	0.283526
1.64375	-0.291771	-0.0959993	0.285492
1.66875	-0.291771	-0.0959993	0.285492
1.69375	-0.310768	-0.137757	0.269673
1.71875	-0.310768	-0.137757	0.269673
1.74375	-0.327847	-0.182395	0.236114
1.76875	-0.327847	-0.182395	0.236114
1.79375	-0.342795	-0.22788	0.185024
1.81875	-0.342795	-0.22788	0.185024
1.84375	-0.386292	-0.262772	0.147142
1.86875	-0.411764	-0.306127	0.132136
1.89375	-0.415671	-0.317084	0.154643
1.91875	-0.41853	-0.315092	0.187855
1.94375	-0.41853	-0.315092	0.187855
1.96875	-0.41853	-0.315092	0.187855
1.99375	-0.422312	-0.313993	0.20264
2.01875	-0.4229	-0.311909	0.211163
2.04375	-0.419545	-0.309361	0.226904
2.06875	-0.419545	-0.309361	0.226904
2.09375	-0.415794	-0.308565	0.235426
2.11875	-0.409585	-0.305105	0.232781
2.14375	-0.399879	-0.299105	0.230572
2.16875	-0.399879	-0.299105	0.230572
2.19375	-0.377644	-0.288771	0.242809
2.21875	-0.373604	-0.293296	0.244371
2.24375	-0.376232	-0.302229	0.247368
2.26875	-0.376232	-0.302229	0.247368
2.29375	-0.404209	-0.332299	0.263946
2.31875	-0.429427	-0.362765	0.270288
2.34375	-0.49793	-0.427242	0.239702
2.36875	-0.539172	-0.445785	0.197519
2.39375	-0.539172	-0.445785	0.197519
2.41875	-0.539172	-0.445785	0.197519
2.44375	-0.586989	-0.45412	0.141559
2.46875	-0.610958	-0.460889	0.125822
2.49375	-0.622121	-0.473978	0.125377
2.51875	-0.631346	-0.484279	0.128681
2.54375	-0.631346	-0.484279	0.128681
2.56875	-0.614956	-0.488836	0.14865
2.59375	-0.607268	-0.471264	0.170181
2.61875	-0.604177	-0.460541	0.181338
2.64375	-0.604177	-0.460541	0.181338
2.66875	-0.606353	-0.458075	0.193956
2.69375	-0.60715	-0.459112	0.196582
2.71875	-0.607412	-0.457643	0.20123
2.74375	-0.605919	-0.457279	0.215911
2.76875	-0.605919	-0.457279	0.215911
2.79375	-0.597964	-0.458321	0.23307
2.81875	-0.588185	-0.455361	0.229409
2.84375	-0.573895	-0.451614	0.227968
2.86875	-0.556485	-0.449894	0.226383
2.89375	-0.556485	-0.449894	0.226383
2.91875	-0.528809	-0.460285	0.222617
2.94375	-0.525768	-0.463124	0.226978
2.96875	-0.529104	-0.465967	0.235994
2.99375	-0.529104	-0.465967	0.235994
3.01875	-0.537786	-0.464468	0.251954
3.04375	-0.550228	-0.470688	0.268085
3.06875	-0.568324	-0.488234	0.283521
3.09375	-0.620268	-0.549725	0.281993
3.11875	-0.650596	-0.584941	0.246603
3.14375	-0.679853	-0.623859	0.192454
3.16875	-0.722888	-0.652911	0.13806
3.19375	-0.747338	-0.682293	0.126101
3.21875	-0.747338	-0.682293	0.126101
3.24375	-0.771302	-0.732327	0.134708
3.26875	-0.767244	-0.727342	0.12732
3.29375	-0.760638	-0.718898	0.131612
3.31875	-0.760638	-0.718898	0.131612
3.34375	-0.747202	-0.715368	0.143022
3.36875	-0.746061	-0.702747	0.156622
3.39375	-0.746034	-0.691705	0.172934
3.41875	-0.746979	-0.690038	0.188248
3.44375	-0.748192	-0.691536	0.196092
3.46875	-0.748192	-0.691536	0.196092
3.49375	-0.746626	-0.686584	0.210082
3.51875	-0.743852	-0.687384	0.229085
3.54375	-0.741354	-0.68868	0.235559
3.56875	-0.73566	-0.6872	0.234004
3.59375	-0.726114	-0.683537	0.231769
3.61875	-0.726114	-0.683537	0.231769
3.64375	-0.697203	-0.675483	0.228594
3.66875	-0.685962	-0.676731	0.22724
3.69375	-0.685962	-0.676731	0.22724
3.71875	-0.683027	-0.702114	0.232701
3.74375	-0.690255	-0.713718	0.244853
3.76875	-0.720658	-0.742064	0.271351
3.79375	-0.720658	-0.742064	0.271351
3.81875	-0.77541	-0.801776	0.270369
3.84375	-0.81747	-0.819269	0.257677
3.86875	-0.81747	-0.819269	0.257677
3.89375	-0.933298	-0.867054	0.115911
3.91875	-0.938338	-0.879823	0.121942
3.94375	-0.943789	-0.893562	0.124382
3.96875	-0.946495	-0.897795	0.126539
3.99375	-0.946495	-0.897795	0.126539
4.01875	-0.944234	-0.892556	0.126297
4.04375	-0.940482	-0.891554	0.130712
4.06875	-0.931367	-0.893254	0.140036
4.09375	-0.92631	-0.887195	0.155003
4.11875	-0.92631	-0.887195	0.155003
4.14375	-0.92667	-0.870532	0.169682
4.16875	-0.92667	-0.870532	0.169682
4.19375	-0.929317	-0.864323	0.184197
4.21875	-0.9315	-0.864861	0.192975
4.24375	-0.934567	-0.864688	0.197565
4.26875	-0.935911	-0.864839	0.208771
4.29375	-0.934983	-0.866498	0.227903
4.31875	-0.933857	-0.868725	0.235521
4.34375	-0.930074	-0.869161	0.235731
4.36875	-0.910734	-0.863512	0.232109
4.39375	-0.910734	-0.863512	0.232109
4.41875	-0.895964	-0.858936	0.230096
4.44375	-0.883195	-0.857701	0.228245
4.46875	-0.875494	-0.860921	0.227625
4.49375	-0.875372	-0.86199	0.233118
4.51875	-0.881487	-0.864628	0.238502
4.54375	-0.89354	-0.874362	0.245383
4.56875	-0.89354	-0.874362	0.245383
4.59375	-0.938131	-0.916682	0.259492
4.61875	-1.01504	-0.984565	0.239214
4.64375	-1.06282	-1.01325	0.20542
4.66875	-1.11685	-1.03508	0.155469
4.69375	-1.11685	-1.03508	0.155469
4.71875	-1.16555	-1.06317	0.12486
4.74375	-1.17407	-1.07803	0.124341
4.76875	-1.17725	-1.08191	0.127215
4.79375	-1.17725	-1.08191	0.127215
4.81875	-1.17541	-1.08021	0.128023
4.84375	-1.16878	-1.08359	0.137699
4.86875	-1.15726	-1.08005	0.153563
4.89375	-1.15606	-1.0643	0.169274
4.91875	-1.15606	-1.0643	0.169274
4.94375	-1.15571	-1.05396	0.193655
4.96875	-1.15571	-1.05396	0.193655
4.99375	-1.15714	-1.05242	0.198357
5.01875	-1.15721	-1.04933	0.203386
5.04375	-1.15718	-1.04672	0.217476
5.06875	-1.15718	-1.04672	0.217476
5.09375	-1.15775	-1.04731	0.232567
5.11875	-1.15775	-1.04731	0.232567
5.14375	-1.15605	-1.04593	0.234193
5.16875	-1.15039	-1.04305	0.232726
5.19375	-1.15039	-1.04305	0.232726
5.21875	-1.13713	-1.03542	0.23834
5.24375	-1.13713	-1.03542	0.23834
5.26875	-1.12763	-1.03022	0.237466
5.29375	-1.12781	-1.02987	0.238823
5.31875	-1.13777	-1.03126	0.243913
5.34375	-1.13777	-1.03126	0.243913
5.36875	-1.18706	-1.05351	0.244836
5.39375	-1.23076	-1.07532	0.237348
5.41875	-1.23076	-1.07532	0.237348
5.44375	-1.33889	-1.13357	0.179499
5.46875	-1.39671	-1.13316	0.142924
5.49375	-1.43191	-1.14306	0.126756
5.51875	-1.43698	-1.14349	0.133878
5.54375	-1.43698	-1.14349	0.133878
5.56875	-1.42618	-1.13648	0.127244
5.59375	-1.42618	-1.13648	0.127244
5.61875	-1.41808	-1.1415	0.134557
5.64375	-1.41092	-1.13507	0.14816
5.66875	-1.41092	-1.13507	0.14816
5.69375	-1.40417	-1.12442	0.166791
5.71875	-1.40417	-1.12442	0.166791
5.74375	-1.40362	-1.11654	0.188864
5.76875	-1.40362	-1.11654	0.188864
5.79375	-1.40254	-1.11323	0.201188
5.81875	-1.40131	-1.11194	0.219329
5.84375	-1.40006	-1.11175	0.236631
5.86875	-1.39619	-1.10951	0.236821
5.89375	-1.39619	-1.10951	0.236821
5.91875	-1.39033	-1.1054	0.233254
5.94375	-1.38162	-1.10055	0.23018
5.96875	-1.38162	-1.10055	0.23018
5.99375	-1.38162	-1.10055	0.23018
