1.01875	1.86265e-08	3.72529e-08	0.24425
1.04375	1.86265e-08	3.72529e-08	0.24425
1.06875	-0.266823	0.0290981	0.141903
1.09375	-0.266823	0.0290981	0.141903
1.11875	-0.250567	0.0337599	0.161694
1.14375	-0.250567	0.0337599	0.161694
1.16875	-0.236724	0.0392703	0.18162
1.19375	-0.236724	0.0392703	0.18162
1.21875	-0.230738	0.0446958	0.198215
1.24375	-0.224466	0.0446268	0.204842
1.26875	-0.219609	0.0396369	0.217856
1.29375	-0.219609	0.0396369	0.217856
1.31875	-0.206916	0.0318726	0.238154
1.34375	-0.195992	0.0280306	0.230869
1.36875	-0.181909	0.0206385	0.225358
1.39375	-0.168727	0.0116355	0.22383
1.41875	-0.168727	0.0116355	0.22383
1.44375	-0.164294	0.0185935	0.248297
1.46875	-0.16856	0.0193691	0.262482
1.49375	-0.178226	0.0120453	0.276291
1.51875	-0.216606	-0.0315705	0.299704
1.54375	-0.24146	-0.0619636	0.29245
1.56875	-0.24146	-0.0619636	0.29245
1.59375	-0.268375	-0.0924535	0.261705
1.61875	-0.268375	-0.0924535	0.261705
1.64375	-0.308869	-0.10178	0.224444
1.66875	-0.308869	-0.10178	0.224444
1.69375	-0.352923	-0.105789	0.169575
1.71875	-0.402375	-0.103754	0.121261
1.74375	-0.402375	-0.103754	0.121261
1.76875	-0.422186	-0.12998	0.124509
1.79375	-0.441527	-0.1584	0.129695
1.81875	-0.441527	-0.1584	0.129695
1.84375	-0.443656	-0.171077	0.150953
1.86875	-0.443656	-0.171077	0.150953
1.89375	-0.439314	-0.164757	0.168559
1.91875	-0.439314	-0.164757	0.168559
1.94375	-0.439314	-0.164757	0.168559
1.96875	-0.440032	-0.15415	0.185971
1.99375	-0.444215	-0.155525	0.199994
2.01875	-0.444215	-0.155525	0.199994
2.04375	-0.448555	-0.1575	0.223108
2.06875	-0.452738	-0.159809	0.238633
2.09375	-0.452738	-0.159809	0.238633
2.11875	-0.453614	-0.159295	0.237754
2.14375	-0.447605	-0.154337	0.240081
2.16875	-0.447605	-0.154337	0.240081
2.19375	-0.442267	-0.15329	0.239399
2.21875	-0.442267	-0.15329	0.239399
2.24375	-0.478156	-0.170994	0.24296
2.26875	-0.512491	-0.194745	0.243209
2.29375	-0.555159	-0.218863	0.232769
2.31875	-0.59173	-0.23513	0.203879
2.34375	-0.59173	-0.23513	0.203879
2.36875	-0.604288	-0.242234	0.14401
2.39375	-0.615881	-0.24056	0.131826
2.41875	-0.615881	-0.24056	0.131826
2.44375	-0.622504	-0.241988	0.127733
2.46875	-0.627324	-0.244299	0.126249
2.49375	-0.630069	-0.246363	0.126285
2.51875	-0.630069	-0.246363	0.126285
2.54375	-0.62944	-0.24794	0.128652
2.56875	-0.610157	-0.241975	0.160401
2.59375	-0.600538	-0.229663	0.174114
2.61875	-0.600538	-0.229663	0.174114
2.64375	-0.600538	-0.229663	0.174114
2.66875	-0.596778	-0.22439	0.187287
2.69375	-0.5956	-0.219781	0.194843
2.71875	-0.593433	-0.215576	0.196515
2.74375	-0.593433	-0.215576	0.196515
2.76875	-0.588854	-0.212211	0.225453
2.79375	-0.588854	-0.212211	0.225453
2.81875	-0.584689	-0.209797	0.23213
2.84375	-0.584689	-0.209797	0.23213
2.86875	-0.576838	-0.20466	0.230346
2.89375	-0.565702	-0.198544	0.22706
2.91875	-0.565702	-0.198544	0.22706
2.94375	-0.552211	-0.190281	0.229499
2.96875	-0.551125	-0.181896	0.241746
2.99375	-0.558969	-0.17778	0.255307
3.01875	-0.558969	-0.17778	0.255307
3.04375	-0.57368	-0.185195	0.268911
3.06875	-0.595646	-0.203385	0.280761
3.09375	-0.627513	-0.232238	0.283033
3.11875	-0.627513	-0.232238	0.283033
3.14375	-0.662887	-0.266024	0.266471
3.16875	-0.698153	-0.300862	0.226557
3.19375	-0.733584	-0.337585	0.169009
3.21875	-0.773636	-0.365556	0.123815
3.24375	-0.797768	-0.394667	0.127848
3.26875	-0.817994	-0.417011	0.131129
3.29375	-0.824561	-0.419643	0.139651
3.31875	-0.824561	-0.419643	0.139651
3.34375	-0.816986	-0.421198	0.149798
3.36875	-0.806997	-0.404415	0.158694
3.39375	-0.797563	-0.383271	0.17202
3.41875	-0.797563	-0.383271	0.17202
3.44375	-0.798034	-0.376062	0.189396
3.46875	-0.796729	-0.368793	0.199435
3.49375	-0.796729	-0.368793	0.199435
3.51875	-0.794659	-0.365012	0.207584
3.54375	-0.791378	-0.36138	0.223576
3.56875	-0.787759	-0.358136	0.232806
3.59375	-0.781822	-0.353498	0.230312
3.61875	-0.781822	-0.353498	0.230312
3.64375	-0.760438	-0.341263	0.224697
3.66875	-0.760438	-0.341263	0.224697
3.69375	-0.748203	-0.337851	0.224852
3.71875	-0.748203	-0.337851	0.224852
3.74375	-0.738265	-0.333118	0.230944
3.76875	-0.738047	-0.325424	0.240434
3.79375	-0.738047	-0.325424	0.240434
3.81875	-0.743816	-0.324072	0.248476
3.84375	-0.743816	-0.324072	0.248476
3.86875	-0.757508	-0.329369	0.253071
3.89375	-0.779013	-0.342031	0.255411
3.91875	-0.810263	-0.364962	0.25969
3.94375	-0.810263	-0.364962	0.25969
3.96875	-0.852168	-0.397511	0.260319
3.99375	-0.898032	-0.433326	0.24419
4.01875	-0.998339	-0.479382	0.168658
4.04375	-1.05415	-0.475638	0.128495
4.06875	-1.07167	-0.499425	0.131942
4.09375	-1.06849	-0.494719	0.154067
4.11875	-1.0644	-0.487796	0.176749
4.14375	-1.0644	-0.487796	0.176749
4.16875	-1.06202	-0.481905	0.191018
4.19375	-1.06192	-0.47647	0.195736
4.21875	-1.06164	-0.471964	0.20487
4.24375	-1.062	-0.469863	0.21884
4.26875	-1.06028	-0.466594	0.232313
4.29375	-1.05636	-0.461703	0.231615
4.31875	-1.05636	-0.461703	0.231615
4.34375	-1.0447	-0.449103	0.226323
4.36875	-1.036	-0.441936	0.22629
4.39375	-1.02529	-0.436643	0.226639
4.41875	-1.0125	-0.43349	0.230584
4.44375	-1.00363	-0.435345	0.231933
4.46875	-1.00409	-0.434139	0.243309
4.49375	-1.00857	-0.438714	0.25341
4.51875	-1.00857	-0.438714	0.25341
4.54375	-1.01767	-0.452052	0.264504
4.56875	-1.01767	-0.452052	0.264504
4.59375	-1.0321	-0.474179	0.274052
4.61875	-1.0321	-0.474179	0.274052
4.64375	-1.05517	-0.505034	0.275316
4.66875	-1.05517	-0.505034	0.275316
4.69375	-1.08719	-0.547055	0.27036
4.71875	-1.12125	-0.593707	0.248981
4.74375	-1.12125	-0.593707	0.248981
4.76875	-1.12125	-0.593707	0.248981
4.79375	-1.1591	-0.632731	0.215207
4.81875	-1.21104	-0.645283	0.18386
4.84375	-1.21104	-0.645283	0.18386
4.86875	-1.27116	-0.655574	0.146686
4.89375	-1.30418	-0.680381	0.122265
4.91875	-1.30418	-0.680381	0.122265
4.94375	-1.3037	-0.679712	0.142663
4.96875	-1.29834	-0.677704	0.178939
4.99375	-1.29834	-0.677704	0.178939
5.01875	-1.29353	-0.678532	0.240809
5.04375	-1.28804	-0.676713	0.24693
5.06875	-1.28135	-0.675071	0.23971
5.09375	-1.26972	-0.67191	0.233779
5.11875	-1.25413	-0.670194	0.227482
5.14375	-1.25413	-0.670194	0.227482
5.16875	-1.23132	-0.679803	0.222912
5.19375	-1.23236	-0.67781	0.230314
5.21875	-1.23895	-0.676341	0.242408
5.24375	-1.24926	-0.679538	0.255006
5.26875	-1.2639	-0.692047	0.268191
5.29375	-1.2639	-0.692047	0.268191
5.31875	-1.30969	-0.747942	0.287616
5.34375	-1.33731	-0.784835	0.275405
5.36875	-1.33731	-0.784835	0.275405
5.39375	-1.3663	-0.821302	0.235266
5.41875	-1.3663	-0.821302	0.235266
5.44375	-1.4072	-0.845008	0.182858
5.46875	-1.4072	-0.845008	0.182858
5.49375	-1.45719	-0.857669	0.125005
5.51875	-1.4709	-0.871658	0.122435
5.54375	-1.47907	-0.888133	0.124918
5.56875	-1.47907	-0.888133	0.124918
5.59375	-1.48399	-0.911313	0.132673
5.61875	-1.47782	-0.921715	0.151488
5.64375	-1.47604	-0.912946	0.171928
5.66875	-1.47266	-0.900623	0.183104
5.69375	-1.47396	-0.896027	0.190684
5.71875	-1.47396	-0.896027	0.190684
5.74375	-1.47489	-0.891194	0.203418
5.76875	-1.47493	-0.887245	0.216294
5.79375	-1.47493	-0.887245	0.216294
5.81875	-1.47463	-0.885437	0.23066
5.84375	-1.47337	-0.883575	0.235457
5.86875	-1.47337	-0.883575	0.235457
5.89375	-1.46841	-0.879315	0.233237
5.91875	-1.46841	-0.879315	0.233237
5.94375	-1.46072	-0.874663	0.232438
5.96875	-1.46072	-0.874663	0.232438
5.99375	-1.45252	-0.867759	0.235339
