1.01875	1.86265e-08	3.72529e-08	0.24425
1.04375	1.86265e-08	3.72529e-08	0.24425
1.06875	-0.00131946	0.00349553	0.206056
1.09375	-0.00390734	0.00185656	0.203226
1.11875	-0.0038537	0.00237523	0.20235
1.14375	-0.0038537	0.00237523	0.20235
1.16875	-0.00373615	0.00270645	0.201601
1.19375	-0.00380672	0.00277994	0.200949
1.21875	-0.00380672	0.00277994	0.200949
1.24375	-0.0037138	0.00526183	0.198913
1.26875	-0.00377297	0.00891352	0.196898
1.29375	-0.00377297	0.00891352	0.196898
1.31875	-0.00315206	0.0127086	0.196187
1.34375	-0.00155765	0.0206359	0.194594
1.36875	-0.00155765	0.0206359	0.194594
1.39375	5.33424e-05	0.0225944	0.197415
1.41875	0.000347018	0.0125334	0.197919
1.44375	0.000347018	0.0125334	0.197919
1.46875	0.000216879	0.00964445	0.198921
1.49375	0.000594877	0.00933636	0.199472
1.51875	0.000594877	0.00933636	0.199472
1.54375	0.000438761	0.00909303	0.199901
1.56875	0.000359088	0.00880574	0.200115
1.59375	0.000359088	0.00880574	0.200115
1.61875	0.000395678	0.00898754	0.202413
1.64375	0.000563279	0.0122302	0.202574
1.66875	0.000841305	0.0174188	0.203277
1.69375	0.000952344	0.0218987	0.204191
1.71875	0.000952344	0.0218987	0.204191
1.74375	0.00107458	0.0244921	0.206978
1.76875	0.00107458	0.0244921	0.206978
1.79375	0.00101177	0.00640429	0.205863
1.81875	0.00101177	0.00640429	0.205863
1.84375	0.00123224	0.00483543	0.203338
1.86875	0.00102409	0.00525771	0.202226
1.89375	0.00102409	0.00525771	0.202226
1.91875	0.000797853	0.00530179	0.201481
1.94375	0.000797853	0.00530179	0.201481
1.96875	0.000769597	0.00565871	0.200959
1.99375	0.000824329	0.00667426	0.19965
2.01875	0.0008086	0.0089826	0.197611
2.04375	0.0008086	0.0089826	0.197611
2.06875	0.000679322	0.0117051	0.196879
2.09375	-3.30135e-05	0.0144702	0.19642
2.11875	-3.30135e-05	0.0144702	0.19642
2.14375	0.000974063	0.0201066	0.194783
2.16875	0.000175364	0.013592	0.196513
2.19375	-0.000613838	0.00921623	0.198512
2.21875	-0.000613838	0.00921623	0.198512
2.24375	-0.000949088	0.00933798	0.198995
2.26875	-0.000953671	0.00926489	0.198878
2.29375	-0.00131924	0.00875446	0.199651
2.31875	-0.00111203	0.00897775	0.199753
2.34375	-0.00095816	0.00893776	0.200262
2.36875	-0.00117769	0.0100127	0.201306
2.39375	-0.00117769	0.0100127	0.201306
2.41875	-0.00145524	0.0166457	0.204004
2.44375	-0.00108492	0.0252688	0.207117
2.46875	-0.000643972	0.0269371	0.209002
2.49375	-0.000186957	0.0210567	0.212815
2.51875	0.000434738	0.0158531	0.210119
2.54375	0.000220597	0.010875	0.20661
2.56875	-0.00153661	0.00819457	0.203652
2.59375	-0.00158057	0.00810289	0.202375
2.61875	-0.00158057	0.00810289	0.202375
2.64375	-0.00149256	0.0082588	0.201658
2.66875	-0.00148429	0.00831564	0.201136
2.69375	-0.00143547	0.00845336	0.20088
2.71875	-0.00131593	0.00875135	0.200461
2.74375	-0.00131593	0.00875135	0.200461
2.76875	-0.00131593	0.00875135	0.200461
2.79375	-0.00103047	0.0111296	0.198101
2.81875	-0.0009383	0.0216178	0.195173
2.84375	-0.000360616	0.0313649	0.194142
2.86875	-5.23031e-05	0.0372086	0.193378
2.89375	-5.23031e-05	0.0372086	0.193378
2.91875	-0.00114477	0.0253161	0.196853
2.94375	-0.000227608	0.0143185	0.198438
2.96875	-0.000234578	0.0144125	0.198838
2.99375	-0.000534095	0.013999	0.199088
3.01875	-0.000534095	0.013999	0.199088
3.04375	-0.000527024	0.0136042	0.199609
3.06875	-0.000632275	0.0135059	0.199463
3.09375	-0.000873066	0.0136886	0.19935
3.11875	-0.000841238	0.0154956	0.201277
3.14375	-0.000579335	0.0197505	0.202286
3.16875	-0.00102169	0.0238452	0.20242
3.19375	-0.00102169	0.0238452	0.20242
3.21875	-0.00102169	0.0238452	0.20242
3.24375	-0.000106756	0.0288061	0.209473
3.26875	-0.000106756	0.0288061	0.209473
3.29375	0.000703365	0.0241221	0.210053
3.31875	0.00121257	0.0178429	0.207286
3.34375	-0.000946663	0.0143498	0.203692
3.36875	-0.000870701	0.0142372	0.202473
3.39375	-0.000945386	0.0144873	0.201771
3.41875	-0.000945386	0.0144873	0.201771
3.44375	-0.000955872	0.0147103	0.200896
3.46875	-0.000890099	0.0146312	0.200877
3.49375	-0.00112292	0.0170182	0.198971
3.51875	-0.00116514	0.0206132	0.197703
3.54375	-0.00108095	0.0240345	0.196644
3.56875	-0.00147886	0.0277912	0.195854
3.59375	-0.00120556	0.031575	0.194935
3.61875	-0.000818878	0.0364316	0.194346
3.64375	-0.000818878	0.0364316	0.194346
3.66875	-0.000818878	0.0364316	0.194346
3.69375	-0.000299361	0.0246874	0.196129
3.71875	-0.000248667	0.0197031	0.197298
3.74375	0.000162698	0.0190633	0.198285
3.76875	0.000162698	0.0190633	0.198285
3.79375	-4.41149e-05	0.0187816	0.199064
3.81875	4.95054e-05	0.018585	0.199627
3.84375	3.62284e-05	0.0188776	0.199854
3.86875	2.47508e-05	0.0197825	0.201055
3.89375	-0.000262894	0.0231474	0.202332
3.91875	-0.000238322	0.0280543	0.203267
3.94375	-0.00068903	0.0329204	0.205239
3.96875	-0.00068903	0.0329204	0.205239
3.99375	-0.000122685	0.0389423	0.210112
4.01875	0.000565607	0.0384334	0.212627
4.04375	0.00121549	0.0337154	0.213033
4.06875	0.000953849	0.0238324	0.205032
4.09375	0.000953849	0.0238324	0.205032
4.11875	-0.00067611	0.0227982	0.202044
4.14375	-0.000886198	0.0233244	0.201087
4.16875	-0.000886198	0.0233244	0.201087
4.19375	-0.000992414	0.0232759	0.200675
4.21875	-0.000992414	0.0232759	0.200675
4.24375	-0.00115451	0.0234441	0.200282
4.26875	-0.00150179	0.0258569	0.198353
4.29375	-0.00164817	0.0291797	0.197506
4.31875	-0.00164817	0.0291797	0.197506
4.34375	-0.00142801	0.0322121	0.196535
4.36875	-0.00136736	0.0353088	0.196024
4.39375	-0.00136736	0.0353088	0.196024
4.41875	-0.00215774	0.0420754	0.194835
4.44375	-0.00175946	0.0412293	0.197258
4.46875	-0.00188107	0.0327789	0.197484
4.49375	-0.00204422	0.0288064	0.198813
4.51875	-0.00197704	0.0287611	0.19939
4.54375	-0.00197704	0.0287611	0.19939
4.56875	-0.00213638	0.0283828	0.200064
4.59375	-0.00213638	0.0283828	0.200064
4.61875	-0.00209285	0.028143	0.199916
4.64375	-0.00210245	0.0283728	0.200696
4.66875	-0.00200689	0.0305975	0.201714
4.69375	-0.0020057	0.0352792	0.202929
4.71875	-0.0020057	0.0352792	0.202929
4.74375	-0.00185396	0.0419671	0.206032
4.76875	-0.00170166	0.0390151	0.210537
4.79375	-0.00170166	0.0390151	0.210537
4.81875	-0.00153321	0.0342059	0.209169
4.84375	-0.00199014	0.029081	0.203524
4.86875	-0.00194714	0.0291828	0.202456
4.89375	-0.00189246	0.0292488	0.201762
4.91875	-0.00186886	0.0293675	0.201182
4.94375	-0.00198154	0.0295737	0.200596
4.96875	-0.00216132	0.0295273	0.200435
4.99375	-0.00235101	0.0295854	0.200036
5.01875	-0.00235101	0.0295854	0.200036
5.04375	-0.0021187	0.0322943	0.19798
5.06875	-0.0024016	0.0356273	0.197013
5.09375	-0.00275546	0.0389806	0.196176
5.11875	-0.00275546	0.0389806	0.196176
5.14375	-0.00432248	0.0504918	0.195072
5.16875	-0.0053268	0.0503667	0.196101
5.19375	-0.0053268	0.0503667	0.196101
5.21875	-0.00488148	0.0319585	0.197402
5.24375	-0.00437131	0.0322768	0.198485
5.26875	-0.00465659	0.0318073	0.199027
5.29375	-0.0047565	0.0316886	0.19938
5.31875	-0.00474432	0.031603	0.199796
5.34375	-0.0046709	0.031525	0.200193
5.36875	-0.00457138	0.0315866	0.200628
5.39375	-0.004821	0.032828	0.201893
5.41875	-0.0047713	0.0373606	0.202885
5.44375	-0.00461637	0.0422356	0.203385
5.46875	-0.00435262	0.046889	0.206021
5.49375	-0.00449996	0.0503127	0.208319
5.51875	-0.00449996	0.0503127	0.208319
5.54375	-0.00421923	0.0464955	0.212601
5.56875	-0.00404759	0.0386424	0.207326
5.59375	-0.00456363	0.0358693	0.20379
5.61875	-0.00430893	0.0355971	0.20279
5.64375	-0.00430893	0.0355971	0.20279
5.66875	-0.00426954	0.035895	0.201429
5.69375	-0.00412704	0.0359318	0.201025
5.71875	-0.00408991	0.0362072	0.200659
5.74375	-0.00413502	0.0362007	0.200352
5.76875	-0.0038169	0.0422563	0.196715
5.79375	-0.00389389	0.0458773	0.196329
5.81875	-0.00386598	0.0502778	0.194983
5.84375	-0.00373825	0.0550539	0.194399
5.86875	-0.00355216	0.0601433	0.194473
5.89375	-0.00389814	0.0665873	0.193613
5.91875	-0.00411908	0.0641357	0.196382
5.94375	-0.00411908	0.0641357	0.196382
5.96875	-0.00301486	0.0392031	0.198266
5.99375	-0.0033691	0.0396261	0.198849
