1.01875	1.86265e-08	3.72529e-08	0.24425
1.04375	-0.0196924	-0.0173908	0.170643
1.06875	-0.0196924	-0.0173908	0.170643
1.09375	-0.0185151	-0.0102693	0.17386
1.11875	-0.0118499	-0.00395095	0.183555
1.14375	-0.00921949	0.00469663	0.193844
1.16875	-0.00868761	0.0116726	0.198158
1.19375	-0.00863216	0.0164863	0.202513
1.21875	-0.0078026	0.022992	0.208056
1.24375	-0.0078026	0.022992	0.208056
1.26875	-0.0073078	0.0275582	0.213978
1.29375	-0.00526589	0.0290202	0.217763
1.31875	-0.00526589	0.0290202	0.217763
1.34375	-0.00185667	0.0299445	0.219938
1.36875	-0.00185667	0.0299445	0.219938
1.39375	-0.00127186	0.0323626	0.22228
1.41875	-0.00551948	0.0369148	0.226833
1.44375	-0.00551948	0.0369148	0.226833
1.46875	-0.0108959	0.0403408	0.223217
1.49375	-0.0116098	0.0292939	0.210074
1.51875	-0.0107458	0.0166321	0.205945
1.54375	-0.01044	0.0176759	0.205968
1.56875	-0.0104697	0.0207196	0.207407
1.59375	-0.0104697	0.0207196	0.207407
1.61875	-0.0105236	0.0228281	0.199693
1.64375	-0.012269	0.0191934	0.177011
1.66875	-0.013682	0.0168139	0.171796
1.69375	-0.0158425	0.0169535	0.171122
1.71875	-0.0195032	0.0170476	0.170666
1.74375	-0.0249514	0.0167966	0.170764
1.76875	-0.0249514	0.0167966	0.170764
1.79375	-0.0364469	0.0240412	0.185961
1.81875	-0.0337268	0.0281523	0.195441
1.84375	-0.0126494	0.0282931	0.196513
1.86875	-0.0103909	0.026692	0.197004
1.89375	-0.0103909	0.026692	0.197004
1.91875	-0.0109333	0.0284703	0.199278
1.94375	-0.0109333	0.0284703	0.199278
1.96875	-0.0109333	0.0284703	0.199278
1.99375	-0.0118379	0.0326476	0.203853
2.01875	-0.00574893	0.0446146	0.216369
2.04375	-0.00325011	0.0428925	0.217077
2.06875	-0.000943959	0.0408285	0.216921
2.09375	-0.000943959	0.0408285	0.216921
2.11875	-2.82526e-05	0.0390159	0.219726
2.14375	0.000157915	0.0398223	0.22133
2.16875	-0.00639179	0.0424794	0.226351
2.19375	-0.013351	0.0456492	0.221563
2.21875	-0.013351	0.0456492	0.221563
2.24375	-0.020589	0.0443048	0.211283
2.26875	-0.020589	0.0443048	0.211283
2.29375	-0.0226429	0.0302193	0.202683
2.31875	-0.021541	0.0323531	0.20228
2.34375	-0.021541	0.0323531	0.20228
2.36875	-0.0213432	0.0334234	0.200208
2.39375	-0.0218908	0.0317479	0.188203
2.41875	-0.0218908	0.0317479	0.188203
2.44375	-0.0227826	0.0289012	0.176439
2.46875	-0.0227826	0.0289012	0.176439
2.49375	-0.0244355	0.0276642	0.171042
2.51875	-0.0265073	0.027637	0.17064
2.54375	-0.0291024	0.0343449	0.177654
2.56875	-0.0291024	0.0343449	0.177654
2.59375	-0.0221235	0.0386121	0.192169
2.61875	-0.0192354	0.0364924	0.193274
2.64375	-0.019605	0.0377395	0.196561
2.66875	-0.0203015	0.0392098	0.198436
2.69375	-0.0202256	0.0404516	0.200677
2.71875	-0.018793	0.0455425	0.204176
2.74375	-0.0163576	0.0516289	0.210565
2.76875	-0.0163576	0.0516289	0.210565
2.79375	-0.0148227	0.0545574	0.21635
2.81875	-0.011794	0.0555891	0.218689
2.84375	-0.011794	0.0555891	0.218689
2.86875	-0.0105297	0.0558585	0.21947
2.89375	-0.00952397	0.0561523	0.220469
2.91875	-0.00952397	0.0561523	0.220469
2.94375	-0.0134546	0.0587075	0.220596
2.96875	-0.0184491	0.0594473	0.218477
2.99375	-0.0209969	0.0533764	0.210188
3.01875	-0.0209969	0.0533764	0.210188
3.04375	-0.0234117	0.04251	0.204397
3.06875	-0.0247339	0.0406888	0.20281
3.09375	-0.0252132	0.0425795	0.204893
3.11875	-0.0269118	0.0459675	0.194634
3.14375	-0.028815	0.0452231	0.181068
3.16875	-0.028815	0.0452231	0.181068
3.19375	-0.0313917	0.044058	0.173093
3.21875	-0.0351302	0.04345	0.170936
3.24375	-0.0351302	0.04345	0.170936
3.26875	-0.0409247	0.0430981	0.170774
3.29375	-0.0447923	0.0491518	0.180004
3.31875	-0.0447923	0.0491518	0.180004
3.34375	-0.0415557	0.0557661	0.190477
3.36875	-0.0252718	0.0547023	0.193744
3.39375	-0.0257802	0.0556975	0.195977
3.41875	-0.0259219	0.0565348	0.196786
3.44375	-0.0264949	0.0578698	0.199289
3.46875	-0.0264949	0.0578698	0.199289
3.49375	-0.0237457	0.0705694	0.208821
3.51875	-0.0182306	0.072952	0.215545
3.54375	-0.0182306	0.072952	0.215545
3.56875	-0.0148187	0.0708956	0.216145
3.59375	-0.012103	0.0688752	0.216487
3.61875	-0.012103	0.0688752	0.216487
3.64375	-0.0113948	0.0678916	0.21671
3.66875	-0.0159364	0.0696928	0.219482
3.69375	-0.0159364	0.0696928	0.219482
3.71875	-0.0209578	0.0727436	0.22181
3.74375	-0.0240918	0.0756923	0.214829
3.76875	-0.0240918	0.0756923	0.214829
3.79375	-0.0256195	0.0716857	0.208143
3.81875	-0.0256195	0.0716857	0.208143
3.84375	-0.0249716	0.0675873	0.203404
3.86875	-0.0239265	0.069409	0.204051
3.89375	-0.0230877	0.0714115	0.197829
3.91875	-0.0234652	0.0690005	0.184414
3.94375	-0.0234652	0.0690005	0.184414
3.96875	-0.0238196	0.0655936	0.175129
3.99375	-0.0245766	0.0642055	0.171196
4.01875	-0.0260482	0.064299	0.171234
4.04375	-0.0260482	0.064299	0.171234
4.06875	-0.0283361	0.0688934	0.179839
4.09375	-0.0295118	0.0740316	0.184933
4.11875	-0.0248887	0.0740782	0.190644
4.14375	-0.0248887	0.0740782	0.190644
4.16875	-0.0230696	0.0751922	0.194518
4.19375	-0.0230696	0.0751922	0.194518
4.21875	-0.0225044	0.0784467	0.197708
4.24375	-0.0221682	0.0836979	0.202371
4.26875	-0.0209361	0.0892076	0.207454
4.29375	-0.0213036	0.0925728	0.21382
4.31875	-0.0213036	0.0925728	0.21382
4.34375	-0.0204496	0.0935988	0.217067
4.36875	-0.0185059	0.0936198	0.21866
4.39375	-0.0185059	0.0936198	0.21866
4.41875	-0.0163564	0.0933733	0.219671
4.44375	-0.0163564	0.0933733	0.219671
4.46875	-0.0224459	0.0958176	0.223958
4.49375	-0.0224459	0.0958176	0.223958
4.51875	-0.0318068	0.098502	0.219153
4.54375	-0.0379806	0.087952	0.206198
4.56875	-0.0379806	0.087952	0.206198
4.59375	-0.0453419	0.0897476	0.20655
4.61875	-0.0471551	0.0903831	0.205687
4.64375	-0.0492325	0.0916142	0.20033
4.66875	-0.0524608	0.091097	0.186397
4.69375	-0.0524608	0.091097	0.186397
4.71875	-0.0573492	0.0888048	0.177179
4.74375	-0.0573492	0.0888048	0.177179
4.76875	-0.0587241	0.0867723	0.172844
4.79375	-0.0567084	0.0859949	0.170113
4.81875	-0.0567084	0.0859949	0.170113
4.84375	-0.0512411	0.091671	0.178767
4.86875	-0.0512411	0.091671	0.178767
4.89375	-0.0408958	0.095736	0.184778
4.91875	-0.0408958	0.095736	0.184778
4.94375	-0.0354435	0.0983973	0.192014
4.96875	-0.0354435	0.0983973	0.192014
4.99375	-0.0355901	0.102554	0.197253
5.01875	-0.03292	0.107888	0.200427
5.04375	-0.0288739	0.11537	0.207052
5.06875	-0.0288739	0.11537	0.207052
5.09375	-0.0272967	0.119076	0.214985
5.11875	-0.0272967	0.119076	0.214985
5.14375	-0.0239551	0.121663	0.218946
5.16875	-0.0239551	0.121663	0.218946
5.19375	-0.024571	0.125009	0.222742
5.21875	-0.0284875	0.131073	0.227698
5.24375	-0.0284875	0.131073	0.227698
5.26875	-0.0319104	0.136251	0.22395
5.29375	-0.0319104	0.136251	0.22395
5.31875	-0.0319104	0.136251	0.22395
5.34375	-0.0371327	0.128171	0.206672
5.36875	-0.039875	0.127095	0.203227
5.39375	-0.041626	0.13169	0.204908
5.41875	-0.041626	0.13169	0.204908
5.44375	-0.0444051	0.13401	0.194629
5.46875	-0.0484706	0.132745	0.180148
5.49375	-0.0484706	0.132745	0.180148
5.51875	-0.0539046	0.130534	0.171731
5.54375	-0.0539046	0.130534	0.171731
5.56875	-0.0555185	0.130619	0.17049
5.59375	-0.0536261	0.136888	0.180166
5.61875	-0.0536261	0.136888	0.180166
5.64375	-0.0477137	0.14284	0.186439
5.66875	-0.0477137	0.14284	0.186439
5.69375	-0.0394667	0.143433	0.19066
5.71875	-0.0394667	0.143433	0.19066
5.74375	-0.0374274	0.148496	0.197261
5.76875	-0.0374274	0.148496	0.197261
5.79375	-0.0350593	0.156521	0.202034
5.81875	-0.0329053	0.162773	0.209025
5.84375	-0.0329053	0.162773	0.209025
5.86875	-0.0320735	0.166366	0.215833
5.89375	-0.0296529	0.167751	0.218462
5.91875	-0.0296529	0.167751	0.218462
5.94375	-0.0289724	0.168346	0.220809
5.96875	-0.0289724	0.168346	0.220809
5.99375	-0.0339961	0.171884	0.222174
