1.01875	1.86265e-08	3.72529e-08	0.24425
1.04375	1.86265e-08	3.72529e-08	0.24425
1.06875	-0.000883128	0.00107037	0.199987
1.09375	-0.000860624	0.00091647	0.199831
1.11875	-0.000838418	0.00066736	0.199962
1.14375	-0.000936989	0.000859663	0.199952
1.16875	-0.000961035	0.000783257	0.200205
1.19375	-0.000961035	0.000783257	0.200205
1.21875	-0.00087291	0.000759847	0.200129
1.24375	-0.000961091	0.000773299	0.200144
1.26875	-0.00104313	0.000705775	0.200297
1.29375	-0.00104313	0.000705775	0.200297
1.31875	-0.000976428	0.000582244	0.200252
1.34375	-0.000959236	0.000500634	0.200188
1.36875	-0.000999983	0.000312679	0.200058
1.39375	-0.000984281	6.55428e-05	0.200088
1.41875	-0.001148	0.000159137	0.19991
1.44375	-0.00106261	-2.34246e-05	0.19985
1.46875	-0.00090903	-6.21267e-05	0.200088
1.49375	-0.00090903	-6.21267e-05	0.200088
1.51875	-0.000746153	-0.000113372	0.200135
1.54375	-0.000833042	-0.000384979	0.200056
1.56875	-0.000833042	-0.000384979	0.200056
1.59375	-0.000761371	-0.000317071	0.199868
1.61875	-0.000761371	-0.000317071	0.199868
1.64375	-0.00092594	-0.000398893	0.200081
1.66875	-0.000748433	-0.000445522	0.200013
1.69375	-0.000748433	-0.000445522	0.200013
1.71875	-0.000767656	-0.000403844	0.199974
1.74375	-0.000993643	-0.000415724	0.200238
1.76875	-0.000895318	-0.000399139	0.200107
1.79375	-0.000760354	-0.000301652	0.200036
1.81875	-0.000666078	-6.94245e-05	0.199737
1.84375	-0.000666078	-6.94245e-05	0.199737
1.86875	-0.00081009	-9.31025e-05	0.199889
1.89375	-0.000909016	-0.000317477	0.200019
1.91875	-0.000909016	-0.000317477	0.200019
1.94375	-0.00106968	-0.000379425	0.199969
1.96875	-0.00105082	-0.00040241	0.200087
1.99375	-0.00105082	-0.00040241	0.200087
2.01875	-0.00105082	-0.00040241	0.200087
2.04375	-0.00103382	-0.000174642	0.200221
2.06875	-0.00124786	-0.000246946	0.200121
2.09375	-0.00124786	-0.000246946	0.200121
2.11875	-0.0012777	-0.000212304	0.199679
2.14375	-0.00132402	-0.000228006	0.200148
2.16875	-0.00137599	-0.000272427	0.200021
2.19375	-0.00127446	-0.00012837	0.199863
2.21875	-0.0011081	-0.000232909	0.199866
2.24375	-0.00135636	-0.000187442	0.200153
2.26875	-0.00145866	-0.000135828	0.199967
2.29375	-0.00142428	-8.63895e-06	0.20023
2.31875	-0.00137593	0.000111107	0.200072
2.34375	-0.00137817	0.0001278	0.199916
2.36875	-0.00137817	0.0001278	0.199916
2.39375	-0.00141054	0.000158321	0.199798
2.41875	-0.00161124	0.000181016	0.199805
2.44375	-0.00154787	0.000149339	0.199876
2.46875	-0.00143959	0.000109792	0.199701
2.49375	-0.00143959	0.000109792	0.199701
2.51875	-0.00115471	7.78586e-05	0.199681
2.54375	-0.00120194	8.25003e-05	0.199855
2.56875	-0.00120194	8.25003e-05	0.199855
2.59375	-0.00120194	8.25003e-05	0.199855
2.61875	-0.00108156	-4.94383e-05	0.199961
2.64375	-0.0010874	-3.04729e-05	0.19969
2.66875	-0.0010874	-3.04729e-05	0.19969
2.69375	-0.0014945	6.44103e-05	0.19983
2.71875	-0.00132517	-0.000173371	0.199921
2.74375	-0.00132468	-0.000114691	0.199765
2.76875	-0.00132468	-0.000114691	0.199765
2.79375	-0.00142009	-0.000172142	0.20011
2.81875	-0.00145339	-0.000105653	0.20028
2.84375	-0.00156037	-0.000141677	0.200077
2.86875	-0.00166803	-2.85245e-05	0.200333
2.89375	-0.00166803	-2.85245e-05	0.200333
2.91875	-0.00164276	-0.000105795	0.199893
2.94375	-0.00164276	-0.000105795	0.199893
2.96875	-0.00187365	-0.000191327	0.199823
2.99375	-0.00203726	-0.000291266	0.200127
3.01875	-0.00203726	-0.000291266	0.200127
3.04375	-0.0021474	-0.000478171	0.200076
3.06875	-0.0023075	-0.000311021	0.200011
3.09375	-0.00220516	-0.000312071	0.199804
3.11875	-0.00220516	-0.000312071	0.199804
3.14375	-0.00192711	-0.00010119	0.199899
3.16875	-0.00192416	-0.000348434	0.199718
3.19375	-0.00177412	-7.11679e-05	0.199837
3.21875	-0.00198749	-0.000138517	0.199987
3.24375	-0.00199573	-0.000352323	0.200243
3.26875	-0.00214626	-0.000298478	0.200195
3.29375	-0.00211043	-0.000185642	0.200242
3.31875	-0.00234744	-8.43219e-05	0.200089
3.34375	-0.00234744	-8.43219e-05	0.200089
3.36875	-0.00235634	-0.000226106	0.200286
3.39375	-0.002189	-0.00013173	0.200115
3.41875	-0.00223552	5.9437e-05	0.200085
3.44375	-0.00245738	-4.18536e-05	0.200231
3.46875	-0.00221857	-0.000102058	0.200191
3.49375	-0.00256029	-0.000205357	0.200134
3.51875	-0.00236386	1.16751e-05	0.19998
3.54375	-0.0025265	-0.000105277	0.200214
3.56875	-0.00251272	-0.000154402	0.200029
3.59375	-0.00262832	-9.00738e-05	0.20008
3.61875	-0.00249658	8.25822e-05	0.199961
3.64375	-0.00273611	-0.000242013	0.200066
3.66875	-0.00286098	-0.000202928	0.200013
3.69375	-0.00286098	-0.000202928	0.200013
3.71875	-0.00264337	-0.000252824	0.199766
3.74375	-0.00246125	-0.000358924	0.199708
3.76875	-0.00245139	-0.000417668	0.199975
3.79375	-0.00258433	-0.000420935	0.199786
3.81875	-0.00252813	-0.000386879	0.199486
3.84375	-0.00239633	-0.000324745	0.199732
3.86875	-0.00239633	-0.000324745	0.199732
3.89375	-0.0022176	-0.000267413	0.200005
3.91875	-0.00248777	-0.000247125	0.200211
3.94375	-0.00223527	-6.18212e-05	0.200122
3.96875	-0.00223446	-2.39462e-05	0.200068
3.99375	-0.0021784	0.000153959	0.199765
4.01875	-0.0021784	0.000153959	0.199765
4.04375	-0.0021784	0.000153959	0.199765
4.06875	-0.00206674	-2.45459e-05	0.199821
4.09375	-0.00206674	-2.45459e-05	0.199821
4.11875	-0.00169841	-0.000168748	0.199782
4.14375	-0.00143062	-0.000236653	0.200032
4.16875	-0.00146681	-0.000294212	0.199845
4.19375	-0.00146681	-0.000294212	0.199845
4.21875	-0.00142685	-0.000497818	0.199687
4.24375	-0.00138941	-0.000389386	0.200191
4.26875	-0.00138941	-0.000389386	0.200191
4.29375	-0.00149064	-0.000318188	0.200069
4.31875	-0.00149251	-0.000439718	0.200029
4.34375	-0.00134055	-0.000650775	0.199961
4.36875	-0.00134055	-0.000650775	0.199961
4.39375	-0.00132663	-0.000487462	0.200071
4.41875	-0.00139039	-0.000654075	0.199954
4.44375	-0.00139039	-0.000654075	0.199954
4.46875	-0.00158568	-0.000592582	0.199937
4.49375	-0.00157747	-0.000607446	0.200085
4.51875	-0.00169533	-0.0002748	0.199944
4.54375	-0.00170117	-0.000317361	0.199922
4.56875	-0.00164459	-0.000515621	0.199801
4.59375	-0.00175988	-0.000537593	0.199808
4.61875	-0.00175988	-0.000537593	0.199808
4.64375	-0.0015861	-0.000619743	0.199623
4.66875	-0.00154746	-0.000584558	0.199495
4.69375	-0.00144622	-0.000194661	0.199502
4.71875	-0.00133934	-0.000368223	0.199796
4.74375	-0.00138947	-0.000109062	0.199996
4.76875	-0.00163691	-0.000102378	0.199984
4.79375	-0.00158019	-0.000111833	0.200229
4.81875	-0.00163874	-4.29787e-05	0.199957
4.84375	-0.00163874	-4.29787e-05	0.199957
4.86875	-0.001817	-0.00024379	0.200219
4.89375	-0.001817	-0.00024379	0.200219
4.91875	-0.00162858	-0.00021844	0.200074
4.94375	-0.00156518	-0.000337716	0.199953
4.96875	-0.00160895	-0.00014079	0.199968
4.99375	-0.00160895	-0.00014079	0.199968
5.01875	-0.002	-0.000242613	0.199745
5.04375	-0.00192164	-0.000364002	0.19958
5.06875	-0.0017745	-0.000122372	0.199126
5.09375	-0.0017745	-0.000122372	0.199126
5.11875	-0.00190191	-0.000318073	0.199357
5.14375	-0.00195634	-0.000453334	0.19968
5.16875	-0.00173665	-0.000375643	0.199844
5.19375	-0.00137135	-0.000248302	0.20004
5.21875	-0.00148053	-9.03308e-05	0.1999
5.24375	-0.00148053	-9.03308e-05	0.1999
5.26875	-0.0017114	7.15628e-06	0.200025
5.29375	-0.00157273	7.83131e-05	0.200115
5.31875	-0.00144663	0.000299107	0.200134
5.34375	-0.00144663	0.000299107	0.200134
5.36875	-0.00143683	0.000153989	0.20002
5.39375	-0.00143857	5.9858e-05	0.199879
5.41875	-0.00153754	-3.69363e-05	0.199904
5.44375	-0.00153754	-3.69363e-05	0.199904
5.46875	-0.00147152	6.08936e-05	0.199941
5.49375	-0.00146736	8.85129e-06	0.199846
5.51875	-0.00150351	-8.8919e-05	0.199952
5.54375	-0.00150351	-8.8919e-05	0.199952
5.56875	-0.00148103	0.000137907	0.199991
5.59375	-0.00148103	0.000137907	0.199991
5.61875	-0.00140709	-2.25902e-05	0.19998
5.64375	-0.00150736	-6.41868e-05	0.199741
5.66875	-0.00145727	0.000114251	0.200236
5.69375	-0.00159176	6.61872e-05	0.200237
5.71875	-0.00153686	-3.65265e-05	0.19993
5.74375	-0.00144357	-0.000233337	0.199958
5.76875	-0.00144357	-0.000233337	0.199958
5.79375	-0.00137637	-0.000124771	0.199817
5.81875	-0.00128856	-0.00023878	0.199991
5.84375	-0.0014215	-0.000391643	0.200036
5.86875	-0.0014215	-0.000391643	0.200036
5.89375	-0.00127104	-0.000556741	0.200228
5.91875	-0.00125373	-0.000798851	0.200355
5.94375	-0.00129168	-0.000593271	0.200035
5.96875	-0.00125784	-0.000336412	0.199858
5.99375	-0.00141381	-0.000268728	0.200175
