1.01875	1.86265e-08	3.72529e-08	0.24425
1.04375	1.86265e-08	3.72529e-08	0.24425
1.06875	-0.257495	0.0866313	0.140335
1.09375	-0.257495	0.0866313	0.140335
1.11875	-0.252057	0.0765882	0.16068
1.14375	-0.240226	0.0789484	0.178784
1.16875	-0.240226	0.0789484	0.178784
1.19375	-0.23044	0.0820077	0.189432
1.21875	-0.23044	0.0820077	0.189432
1.24375	-0.223601	0.0872944	0.20106
1.26875	-0.218205	0.0895162	0.219251
1.29375	-0.218205	0.0895162	0.219251
1.31875	-0.215138	0.0922823	0.234438
1.34375	-0.215138	0.0922823	0.234438
1.36875	-0.208298	0.0927163	0.236468
1.39375	-0.208298	0.0927163	0.236468
1.41875	-0.19984	0.0891658	0.236273
1.44375	-0.19984	0.0891658	0.236273
1.46875	-0.188167	0.0852595	0.23898
1.49375	-0.181835	0.0865789	0.23831
1.51875	-0.181835	0.0865789	0.23831
1.54375	-0.184315	0.0946627	0.239295
1.56875	-0.184315	0.0946627	0.239295
1.59375	-0.195031	0.112081	0.237551
1.61875	-0.215619	0.140088	0.233738
1.64375	-0.247849	0.181293	0.228234
1.66875	-0.247849	0.181293	0.228234
1.69375	-0.286747	0.230342	0.209048
1.71875	-0.325068	0.279741	0.165762
1.74375	-0.334405	0.331845	0.130093
1.76875	-0.342204	0.342033	0.134799
1.79375	-0.344413	0.33954	0.139565
1.81875	-0.344634	0.330147	0.150632
1.84375	-0.344634	0.330147	0.150632
1.86875	-0.32933	0.318524	0.162847
1.89375	-0.32933	0.318524	0.162847
1.91875	-0.317335	0.313966	0.177393
1.94375	-0.317335	0.313966	0.177393
1.96875	-0.309377	0.31523	0.191634
1.99375	-0.309377	0.31523	0.191634
2.01875	-0.303499	0.313616	0.202734
2.04375	-0.29768	0.311019	0.218237
2.06875	-0.29768	0.311019	0.218237
2.09375	-0.292423	0.308037	0.23129
2.11875	-0.292423	0.308037	0.23129
2.14375	-0.285225	0.303332	0.231578
2.16875	-0.276536	0.296613	0.228223
2.19375	-0.276536	0.296613	0.228223
2.21875	-0.270002	0.289025	0.229952
2.24375	-0.26962	0.286369	0.230599
2.26875	-0.27572	0.28779	0.230982
2.29375	-0.293745	0.298404	0.231045
2.31875	-0.293745	0.298404	0.231045
2.34375	-0.32102	0.320297	0.224902
2.36875	-0.351814	0.351431	0.207123
2.39375	-0.37983	0.383612	0.167354
2.41875	-0.399449	0.409923	0.127395
2.44375	-0.401539	0.409917	0.132565
2.46875	-0.404196	0.409381	0.136011
2.49375	-0.405601	0.409848	0.136825
2.51875	-0.40797	0.409676	0.138776
2.54375	-0.40797	0.409676	0.138776
2.56875	-0.401641	0.393372	0.152026
2.59375	-0.401641	0.393372	0.152026
2.61875	-0.401641	0.393372	0.152026
2.64375	-0.389858	0.389036	0.169654
2.66875	-0.377004	0.387563	0.178599
2.69375	-0.377004	0.387563	0.178599
2.71875	-0.371778	0.388606	0.184376
2.74375	-0.366486	0.388776	0.197098
2.76875	-0.366486	0.388776	0.197098
2.79375	-0.364889	0.390888	0.216577
2.81875	-0.362558	0.393232	0.232942
2.84375	-0.35791	0.392729	0.23421
2.86875	-0.35791	0.392729	0.23421
2.89375	-0.352291	0.390281	0.233635
2.91875	-0.352291	0.390281	0.233635
2.94375	-0.343485	0.383933	0.233621
2.96875	-0.33223	0.376747	0.234115
2.99375	-0.33223	0.376747	0.234115
3.01875	-0.329337	0.377322	0.237464
3.04375	-0.33361	0.386123	0.242267
3.06875	-0.33361	0.386123	0.242267
3.09375	-0.343927	0.403332	0.244732
3.11875	-0.361376	0.431093	0.239185
3.14375	-0.361376	0.431093	0.239185
3.16875	-0.389957	0.472616	0.232445
3.19375	-0.426782	0.524635	0.215321
3.21875	-0.463491	0.57748	0.175927
3.24375	-0.486768	0.632271	0.131812
3.26875	-0.4984	0.651637	0.134383
3.29375	-0.4984	0.651637	0.134383
3.31875	-0.502423	0.647188	0.146653
3.34375	-0.505212	0.63699	0.154651
3.36875	-0.479064	0.617815	0.173429
3.39375	-0.4736	0.616162	0.185797
3.41875	-0.468694	0.617615	0.193796
3.44375	-0.461179	0.616644	0.197511
3.46875	-0.461179	0.616644	0.197511
3.49375	-0.457071	0.614706	0.204842
3.51875	-0.45337	0.612022	0.217267
3.54375	-0.45337	0.612022	0.217267
3.56875	-0.449726	0.607921	0.22692
3.59375	-0.444213	0.602708	0.225929
3.61875	-0.444213	0.602708	0.225929
3.64375	-0.437964	0.595673	0.225494
3.66875	-0.430966	0.587633	0.225718
3.69375	-0.430966	0.587633	0.225718
3.71875	-0.423735	0.570437	0.234997
3.74375	-0.43032	0.569674	0.238021
3.76875	-0.43032	0.569674	0.238021
3.79375	-0.455003	0.598515	0.25034
3.81875	-0.479844	0.627117	0.252792
3.84375	-0.512585	0.663534	0.241034
3.86875	-0.512585	0.663534	0.241034
3.89375	-0.566482	0.743532	0.147745
3.91875	-0.572863	0.779202	0.115737
3.94375	-0.572863	0.779202	0.115737
3.96875	-0.583285	0.788334	0.115514
3.99375	-0.583285	0.788334	0.115514
4.01875	-0.603799	0.789197	0.134878
4.04375	-0.609266	0.788966	0.139759
4.06875	-0.609266	0.788966	0.139759
4.09375	-0.608776	0.776189	0.151101
4.11875	-0.591528	0.76763	0.173136
4.14375	-0.579858	0.765678	0.183589
4.16875	-0.579858	0.765678	0.183589
4.19375	-0.573187	0.767891	0.189066
4.21875	-0.567808	0.770493	0.194357
4.24375	-0.566426	0.77107	0.202678
4.26875	-0.566065	0.771665	0.217671
4.29375	-0.565742	0.771417	0.229061
4.31875	-0.565742	0.771417	0.229061
4.34375	-0.557748	0.760101	0.227642
4.36875	-0.552268	0.750339	0.225676
4.39375	-0.548936	0.739564	0.226572
4.41875	-0.548221	0.727884	0.230098
4.44375	-0.548221	0.727884	0.230098
4.46875	-0.549635	0.714825	0.234163
4.49375	-0.557329	0.706172	0.234362
4.51875	-0.56496	0.705087	0.242042
4.54375	-0.56496	0.705087	0.242042
4.56875	-0.567726	0.711312	0.253866
4.59375	-0.595405	0.742171	0.269061
4.61875	-0.625966	0.770046	0.271255
4.64375	-0.666676	0.801772	0.262027
4.66875	-0.666676	0.801772	0.262027
4.69375	-0.708344	0.833313	0.230506
4.71875	-0.75044	0.865067	0.17821
4.74375	-0.76384	0.926363	0.134326
4.76875	-0.781797	0.943483	0.129467
4.79375	-0.803425	0.949169	0.136067
4.81875	-0.827093	0.953599	0.144114
4.84375	-0.829933	0.949171	0.160834
4.86875	-0.829933	0.949171	0.160834
4.89375	-0.829933	0.949171	0.160834
4.91875	-0.815622	0.950899	0.186722
4.94375	-0.805829	0.948764	0.190657
4.96875	-0.802954	0.949866	0.193441
4.99375	-0.801461	0.95139	0.203407
5.01875	-0.79974	0.951324	0.218864
5.04375	-0.801657	0.951771	0.231288
5.06875	-0.801657	0.951771	0.231288
5.09375	-0.798274	0.942824	0.233412
5.11875	-0.793475	0.934047	0.231765
5.14375	-0.78831	0.923811	0.232693
5.16875	-0.783816	0.91217	0.233648
5.19375	-0.783816	0.91217	0.233648
5.21875	-0.781481	0.901765	0.233745
5.24375	-0.785052	0.896718	0.233223
5.26875	-0.796733	0.89857	0.236146
5.29375	-0.796733	0.89857	0.236146
5.31875	-0.81225	0.907776	0.242993
5.34375	-0.81225	0.907776	0.242993
5.36875	-0.831168	0.925091	0.248103
5.39375	-0.831168	0.925091	0.248103
5.41875	-0.855772	0.951555	0.249108
5.44375	-0.855772	0.951555	0.249108
5.46875	-0.855772	0.951555	0.249108
5.49375	-0.855772	0.951555	0.249108
5.51875	-0.96294	1.07311	0.1938
5.54375	-0.96294	1.07311	0.1938
5.56875	-0.982742	1.12882	0.151443
5.59375	-0.982742	1.12882	0.151443
5.61875	-0.99967	1.1662	0.126197
5.64375	-1.01781	1.16585	0.140701
5.66875	-1.01781	1.16585	0.140701
5.69375	-1.01088	1.16176	0.161746
5.71875	-1.00338	1.16006	0.178555
5.74375	-0.998804	1.1589	0.191237
5.76875	-0.998804	1.1589	0.191237
5.79375	-0.995519	1.15801	0.204584
5.81875	-0.995519	1.15801	0.204584
5.84375	-0.991476	1.15534	0.222818
5.86875	-0.991476	1.15534	0.222818
5.89375	-0.988339	1.15222	0.23226
5.91875	-0.983261	1.14679	0.232467
5.94375	-0.983261	1.14679	0.232467
5.96875	-0.975824	1.13872	0.233098
5.99375	-0.975824	1.13872	0.233098
