1.01875	1.86265e-08	3.72529e-08	0.24425
1.04375	1.86265e-08	3.72529e-08	0.24425
1.06875	-0.149775	-0.0968827	0.237759
1.09375	-0.149775	-0.0968827	0.237759
1.11875	-0.149775	-0.0968827	0.237759
1.14375	-0.149775	-0.0968827	0.237759
1.16875	-0.149775	-0.0968827	0.237759
1.19375	-0.290063	-0.0985976	0.187515
1.21875	-0.297093	-0.101498	0.201997
1.24375	-0.297093	-0.101498	0.201997
1.26875	-0.316914	-0.115663	0.225943
1.29375	-0.331604	-0.126531	0.235276
1.31875	-0.331604	-0.126531	0.235276
1.34375	-0.338772	-0.129152	0.228257
1.36875	-0.328972	-0.12536	0.225002
1.39375	-0.315767	-0.124961	0.22504
1.41875	-0.306628	-0.125198	0.230965
1.44375	-0.306628	-0.125198	0.230965
1.46875	-0.304341	-0.129641	0.258961
1.49375	-0.304341	-0.129641	0.258961
1.51875	-0.303109	-0.144432	0.27331
1.54375	-0.298799	-0.201998	0.289601
1.56875	-0.300708	-0.232624	0.286414
1.59375	-0.316189	-0.242145	0.29142
1.61875	-0.342745	-0.244915	0.284463
1.64375	-0.410355	-0.245879	0.226501
1.66875	-0.451199	-0.247209	0.184325
1.69375	-0.451199	-0.247209	0.184325
1.71875	-0.451199	-0.247209	0.184325
1.74375	-0.492925	-0.270085	0.161966
1.76875	-0.552476	-0.368808	0.125199
1.79375	-0.552476	-0.368808	0.125199
1.81875	-0.552476	-0.368808	0.125199
1.84375	-0.551918	-0.36729	0.158846
1.86875	-0.551918	-0.36729	0.158846
1.89375	-0.552205	-0.343858	0.178464
1.91875	-0.552205	-0.343858	0.178464
1.94375	-0.54946	-0.332043	0.185607
1.96875	-0.551135	-0.337081	0.192459
1.99375	-0.549925	-0.341673	0.199559
2.01875	-0.547899	-0.346742	0.220622
2.04375	-0.545561	-0.351728	0.238491
2.06875	-0.540389	-0.35349	0.238861
2.09375	-0.531969	-0.353377	0.234903
2.11875	-0.520757	-0.351276	0.232232
2.14375	-0.508472	-0.348764	0.230185
2.16875	-0.495428	-0.346995	0.233447
2.19375	-0.495428	-0.346995	0.233447
2.21875	-0.480198	-0.362814	0.238174
2.24375	-0.478748	-0.373992	0.246215
2.26875	-0.480696	-0.386001	0.257035
2.29375	-0.484276	-0.407043	0.267031
2.31875	-0.502853	-0.472617	0.280689
2.34375	-0.521533	-0.504505	0.275676
2.36875	-0.553385	-0.520074	0.264564
2.39375	-0.590563	-0.533934	0.238618
2.41875	-0.590563	-0.533934	0.238618
2.44375	-0.633448	-0.544476	0.198228
2.46875	-0.681073	-0.559534	0.14891
2.49375	-0.681073	-0.559534	0.14891
2.51875	-0.718363	-0.583992	0.122532
2.54375	-0.728258	-0.617491	0.127599
2.56875	-0.73031	-0.6507	0.138667
2.59375	-0.726349	-0.656127	0.157473
2.61875	-0.726349	-0.656127	0.157473
2.64375	-0.726349	-0.656127	0.157473
2.66875	-0.727795	-0.634649	0.188317
2.69375	-0.727363	-0.625577	0.194892
2.71875	-0.727363	-0.625577	0.194892
2.74375	-0.730081	-0.62562	0.216201
2.76875	-0.730081	-0.62562	0.216201
2.79375	-0.724494	-0.62842	0.237134
2.81875	-0.717375	-0.625754	0.236001
2.84375	-0.717375	-0.625754	0.236001
2.86875	-0.693964	-0.614517	0.232068
2.89375	-0.682422	-0.60969	0.229338
2.91875	-0.682422	-0.60969	0.229338
2.94375	-0.673659	-0.613143	0.228711
2.96875	-0.669845	-0.616396	0.233675
2.99375	-0.669845	-0.616396	0.233675
3.01875	-0.667304	-0.622571	0.236066
3.04375	-0.670657	-0.635361	0.238335
3.06875	-0.680916	-0.650446	0.240237
3.09375	-0.680916	-0.650446	0.240237
3.11875	-0.725533	-0.690161	0.245109
3.14375	-0.725533	-0.690161	0.245109
3.16875	-0.762187	-0.723417	0.241543
3.19375	-0.800991	-0.76051	0.21843
3.21875	-0.800991	-0.76051	0.21843
3.24375	-0.840706	-0.800252	0.174836
3.26875	-0.895501	-0.813849	0.136733
3.29375	-0.918308	-0.835351	0.126339
3.31875	-0.917844	-0.851853	0.141004
3.34375	-0.912847	-0.848805	0.162458
3.36875	-0.912847	-0.848805	0.162458
3.39375	-0.907424	-0.830996	0.188265
3.41875	-0.902757	-0.823963	0.190428
3.44375	-0.896797	-0.817806	0.190933
3.46875	-0.897753	-0.818804	0.195884
3.49375	-0.897552	-0.815584	0.200489
3.51875	-0.896776	-0.813825	0.210043
3.54375	-0.896776	-0.813825	0.210043
3.56875	-0.896776	-0.813825	0.210043
3.59375	-0.894873	-0.813111	0.231993
3.61875	-0.890559	-0.811337	0.230632
3.64375	-0.890559	-0.811337	0.230632
3.66875	-0.882805	-0.808668	0.227556
3.69375	-0.866028	-0.801858	0.231728
3.71875	-0.866028	-0.801858	0.231728
3.74375	-0.84668	-0.796072	0.235428
3.76875	-0.84668	-0.796072	0.235428
3.79375	-0.831838	-0.794933	0.234375
3.81875	-0.825891	-0.789526	0.239496
3.84375	-0.825891	-0.789526	0.239496
3.86875	-0.827211	-0.788766	0.242162
3.89375	-0.83576	-0.797933	0.249524
3.91875	-0.849769	-0.814751	0.256342
3.94375	-0.869253	-0.842494	0.265723
3.96875	-0.895753	-0.878413	0.271999
3.99375	-0.925931	-0.918812	0.263251
4.01875	-0.925931	-0.918812	0.263251
4.04375	-1.00285	-0.970105	0.218129
4.06875	-1.00285	-0.970105	0.218129
4.09375	-1.05181	-0.969359	0.190387
4.11875	-1.10545	-0.972893	0.150363
4.14375	-1.10545	-0.972893	0.150363
4.16875	-1.10545	-0.972893	0.150363
4.19375	-1.13706	-0.995401	0.137059
4.21875	-1.13853	-0.997568	0.164551
4.24375	-1.13853	-0.997568	0.164551
4.26875	-1.14036	-0.999548	0.198326
4.29375	-1.14036	-0.999548	0.198326
4.31875	-1.14287	-1.00208	0.222511
4.34375	-1.14251	-1.00061	0.241669
4.36875	-1.14251	-1.00061	0.241669
4.39375	-1.13417	-0.994788	0.234389
4.41875	-1.12485	-0.991843	0.231032
4.44375	-1.12485	-0.991843	0.231032
4.46875	-1.10996	-0.987645	0.233305
4.49375	-1.09729	-0.988721	0.232095
4.51875	-1.09199	-0.990823	0.238058
4.54375	-1.09199	-0.990823	0.238058
4.56875	-1.09026	-0.995714	0.24464
4.59375	-1.09111	-1.00495	0.24957
4.61875	-1.09525	-1.01822	0.252904
4.64375	-1.10531	-1.03737	0.255487
4.66875	-1.11887	-1.06886	0.258341
4.69375	-1.13618	-1.11219	0.25753
4.71875	-1.15774	-1.15485	0.244191
4.74375	-1.23766	-1.19989	0.199812
4.76875	-1.23766	-1.19989	0.199812
4.79375	-1.29074	-1.21787	0.154149
4.81875	-1.32888	-1.23282	0.121698
4.84375	-1.32329	-1.25677	0.137386
4.86875	-1.3295	-1.27684	0.156466
4.89375	-1.33336	-1.28123	0.179591
4.91875	-1.33708	-1.28406	0.19138
4.94375	-1.33708	-1.28406	0.19138
4.96875	-1.33859	-1.28097	0.195469
4.99375	-1.33934	-1.27667	0.199007
5.01875	-1.34115	-1.27492	0.20659
5.04375	-1.3398	-1.27837	0.237034
5.06875	-1.3398	-1.27837	0.237034
5.09375	-1.3366	-1.27761	0.236623
5.11875	-1.32127	-1.26876	0.230307
5.14375	-1.32127	-1.26876	0.230307
5.16875	-1.30985	-1.2618	0.228945
5.19375	-1.30985	-1.2618	0.228945
5.21875	-1.29722	-1.25538	0.232092
5.24375	-1.29722	-1.25538	0.232092
5.26875	-1.28698	-1.25379	0.232552
5.29375	-1.28698	-1.25379	0.232552
5.31875	-1.28246	-1.26022	0.234954
5.34375	-1.28376	-1.27152	0.239762
5.36875	-1.28376	-1.27152	0.239762
5.39375	-1.28994	-1.28697	0.241851
5.41875	-1.30097	-1.30691	0.247446
5.44375	-1.31733	-1.333	0.253927
5.46875	-1.33822	-1.37319	0.260623
5.49375	-1.36329	-1.42258	0.258816
5.51875	-1.38973	-1.47134	0.2372
5.54375	-1.48313	-1.50909	0.196328
5.56875	-1.53893	-1.52007	0.150405
5.59375	-1.57738	-1.53313	0.117119
5.61875	-1.5866	-1.55276	0.123438
5.64375	-1.58491	-1.55355	0.14852
5.66875	-1.58491	-1.55355	0.14852
5.69375	-1.58491	-1.55355	0.14852
5.71875	-1.5879	-1.54968	0.191467
5.74375	-1.58763	-1.54759	0.19904
5.76875	-1.5865	-1.54672	0.210658
5.79375	-1.5865	-1.54672	0.210658
5.81875	-1.5823	-1.54968	0.234389
5.84375	-1.57679	-1.54847	0.232796
5.86875	-1.57679	-1.54847	0.232796
5.89375	-1.57679	-1.54847	0.232796
5.91875	-1.55266	-1.54186	0.229671
5.94375	-1.53682	-1.53913	0.228052
5.96875	-1.52312	-1.54121	0.227693
5.99375	-1.52312	-1.54121	0.227693
