1.01875	1.86265e-08	3.72529e-08	0.24425
1.04375	1.86265e-08	3.72529e-08	0.24425
1.06875	1.86265e-08	3.72529e-08	0.24425
1.09375	-0.170777	0.0130992	0.158174
1.11875	-0.161369	0.0186888	0.171693
1.14375	-0.149942	0.0228991	0.183183
1.16875	-0.149942	0.0228991	0.183183
1.19375	-0.142056	0.0261477	0.188943
1.21875	-0.137886	0.0336517	0.193899
1.24375	-0.134616	0.0382146	0.204535
1.26875	-0.132067	0.0381382	0.223625
1.29375	-0.131461	0.0372299	0.23729
1.31875	-0.131461	0.0372299	0.23729
1.34375	-0.126047	0.0360475	0.238796
1.36875	-0.126047	0.0360475	0.238796
1.39375	-0.117171	0.0347526	0.236937
1.41875	-0.117171	0.0347526	0.236937
1.44375	-0.103588	0.0343322	0.237644
1.46875	-0.103588	0.0343322	0.237644
1.49375	-0.0927785	0.0361445	0.233763
1.51875	-0.0927785	0.0361445	0.233763
1.54375	-0.101171	0.0446209	0.239709
1.56875	-0.119282	0.0514734	0.243166
1.59375	-0.147903	0.0611885	0.242864
1.61875	-0.190603	0.0743804	0.238099
1.64375	-0.248207	0.0906807	0.225876
1.66875	-0.308964	0.107538	0.193254
1.69375	-0.368701	0.108041	0.146241
1.71875	-0.368701	0.108041	0.146241
1.74375	-0.405788	0.122618	0.133787
1.76875	-0.406936	0.123944	0.138485
1.79375	-0.401739	0.118609	0.143343
1.81875	-0.395768	0.106918	0.152297
1.84375	-0.384703	0.105879	0.164141
1.86875	-0.371604	0.108905	0.175481
1.89375	-0.359822	0.108761	0.1805
1.91875	-0.359822	0.108761	0.1805
1.94375	-0.359822	0.108761	0.1805
1.96875	-0.360057	0.111441	0.196841
1.99375	-0.35754	0.114812	0.19993
2.01875	-0.35754	0.114812	0.19993
2.04375	-0.353483	0.110655	0.223651
2.06875	-0.353958	0.106013	0.23302
2.09375	-0.350966	0.0991349	0.232757
2.11875	-0.344927	0.0898797	0.231805
2.14375	-0.344927	0.0898797	0.231805
2.16875	-0.336067	0.0780343	0.233977
2.19375	-0.327832	0.0655589	0.23735
2.21875	-0.325784	0.0571272	0.23647
2.24375	-0.331692	0.0526355	0.235946
2.26875	-0.331692	0.0526355	0.235946
2.29375	-0.345359	0.0525915	0.238607
2.31875	-0.345359	0.0525915	0.238607
2.34375	-0.361174	0.0595284	0.240088
2.36875	-0.361174	0.0595284	0.240088
2.39375	-0.382742	0.0739153	0.239648
2.41875	-0.411643	0.0962102	0.237008
2.44375	-0.411643	0.0962102	0.237008
2.46875	-0.454094	0.125035	0.228554
2.49375	-0.498058	0.157955	0.206358
2.51875	-0.498058	0.157955	0.206358
2.54375	-0.530885	0.200586	0.172242
2.56875	-0.530885	0.200586	0.172242
2.59375	-0.556258	0.243541	0.138262
2.61875	-0.548623	0.239082	0.159094
2.64375	-0.548623	0.239082	0.159094
2.66875	-0.534709	0.239729	0.174196
2.69375	-0.529207	0.245176	0.195414
2.71875	-0.526035	0.248017	0.199966
2.74375	-0.526035	0.248017	0.199966
2.76875	-0.523921	0.247403	0.224131
2.79375	-0.523921	0.247403	0.224131
2.81875	-0.52657	0.244665	0.232678
2.84375	-0.52657	0.244665	0.232678
2.86875	-0.526905	0.239065	0.232372
2.89375	-0.525199	0.229705	0.230107
2.91875	-0.525199	0.229705	0.230107
2.94375	-0.525199	0.229705	0.230107
2.96875	-0.517085	0.190388	0.240405
2.99375	-0.525897	0.183862	0.237149
3.01875	-0.538629	0.186506	0.238395
3.04375	-0.56928	0.224639	0.253377
3.06875	-0.603897	0.253508	0.251724
3.09375	-0.641585	0.284771	0.228998
3.11875	-0.641585	0.284771	0.228998
3.14375	-0.713297	0.376055	0.12012
3.16875	-0.713297	0.376055	0.12012
3.19375	-0.725306	0.373337	0.134681
3.21875	-0.729007	0.37482	0.135671
3.24375	-0.729007	0.37482	0.135671
3.26875	-0.735067	0.377612	0.136312
3.29375	-0.732814	0.366148	0.147555
3.31875	-0.726812	0.35509	0.157865
3.34375	-0.713023	0.354759	0.171341
3.36875	-0.713023	0.354759	0.171341
3.39375	-0.699892	0.353406	0.179867
3.41875	-0.699892	0.353406	0.179867
3.44375	-0.689056	0.349134	0.184222
3.46875	-0.688174	0.349995	0.192187
3.49375	-0.681055	0.350596	0.195804
3.51875	-0.681055	0.350596	0.195804
3.54375	-0.676153	0.350888	0.206322
3.56875	-0.673006	0.349618	0.224475
3.59375	-0.673006	0.349618	0.224475
3.61875	-0.670964	0.348383	0.233113
3.64375	-0.664865	0.342878	0.233689
3.66875	-0.664865	0.342878	0.233689
3.69375	-0.653154	0.330421	0.238312
3.71875	-0.642346	0.319147	0.240152
3.74375	-0.638332	0.315035	0.239687
3.76875	-0.638332	0.315035	0.239687
3.79375	-0.6408	0.318141	0.23752
3.81875	-0.6408	0.318141	0.23752
3.84375	-0.650215	0.329628	0.235266
3.86875	-0.650215	0.329628	0.235266
3.89375	-0.667309	0.351465	0.230946
3.91875	-0.685508	0.387387	0.222968
3.94375	-0.711277	0.437165	0.211471
3.96875	-0.741928	0.492623	0.182448
3.99375	-0.763223	0.54996	0.139118
4.01875	-0.773834	0.573409	0.13443
4.04375	-0.773834	0.573409	0.13443
4.06875	-0.774121	0.564156	0.14786
4.09375	-0.776136	0.556447	0.153813
4.11875	-0.769488	0.554431	0.16597
4.14375	-0.769488	0.554431	0.16597
4.16875	-0.761865	0.551129	0.179095
4.19375	-0.75438	0.544881	0.186073
4.21875	-0.75438	0.544881	0.186073
4.24375	-0.750717	0.544383	0.19276
4.26875	-0.748899	0.549805	0.200821
4.29375	-0.747035	0.554249	0.211608
4.31875	-0.744365	0.556693	0.22532
4.34375	-0.744365	0.556693	0.22532
4.36875	-0.740631	0.557291	0.228833
4.39375	-0.740631	0.557291	0.228833
4.41875	-0.734942	0.55502	0.226152
4.44375	-0.734942	0.55502	0.226152
4.46875	-0.731099	0.546618	0.226105
4.49375	-0.731099	0.546618	0.226105
4.51875	-0.725587	0.546144	0.231568
4.54375	-0.721101	0.560896	0.243138
4.56875	-0.721101	0.560896	0.243138
4.59375	-0.725199	0.584971	0.25119
4.61875	-0.740509	0.62	0.254594
4.64375	-0.740509	0.62	0.254594
4.66875	-0.761734	0.661437	0.240166
4.69375	-0.785295	0.704196	0.203574
4.71875	-0.785295	0.704196	0.203574
4.74375	-0.836431	0.769243	0.131504
4.76875	-0.836431	0.769243	0.131504
4.79375	-0.84924	0.787445	0.13113
4.81875	-0.861473	0.797343	0.140087
4.84375	-0.867146	0.784711	0.153212
4.86875	-0.867146	0.784711	0.153212
4.89375	-0.859594	0.778869	0.166571
4.91875	-0.847749	0.773053	0.179294
4.94375	-0.847749	0.773053	0.179294
4.96875	-0.838579	0.764612	0.184938
4.99375	-0.835023	0.761343	0.191271
5.01875	-0.835023	0.761343	0.191271
5.04375	-0.833208	0.759553	0.204308
5.06875	-0.831454	0.757494	0.22202
5.09375	-0.827506	0.752659	0.232762
5.11875	-0.82191	0.746481	0.231879
5.14375	-0.82191	0.746481	0.231879
5.16875	-0.81091	0.728327	0.226251
5.19375	-0.80778	0.717632	0.228163
5.21875	-0.80404	0.705062	0.233942
5.24375	-0.80404	0.705062	0.233942
5.26875	-0.807785	0.696813	0.237395
5.29375	-0.807785	0.696813	0.237395
5.31875	-0.819935	0.693149	0.239182
5.34375	-0.835889	0.698433	0.244665
5.36875	-0.856543	0.711684	0.248143
5.39375	-0.886888	0.733695	0.247128
5.41875	-0.931937	0.762204	0.238361
5.44375	-0.931937	0.762204	0.238361
5.46875	-0.980781	0.79195	0.209036
5.49375	-1.02727	0.825986	0.163823
5.51875	-1.05223	0.870949	0.128086
5.54375	-1.0768	0.87917	0.130275
5.56875	-1.0768	0.87917	0.130275
5.59375	-1.07459	0.868963	0.161226
5.61875	-1.06413	0.870113	0.17473
5.64375	-1.06413	0.870113	0.17473
5.66875	-1.04427	0.867282	0.18793
5.69375	-1.03771	0.863939	0.190077
5.71875	-1.03664	0.864897	0.1951
5.74375	-1.03664	0.864897	0.1951
5.76875	-1.03062	0.867331	0.198087
5.79375	-1.03062	0.867331	0.198087
5.81875	-1.02659	0.869731	0.207826
5.84375	-1.0239	0.868752	0.224333
5.86875	-1.0239	0.868752	0.224333
5.89375	-1.0232	0.867101	0.233909
5.91875	-1.01967	0.862578	0.234557
5.94375	-1.01967	0.862578	0.234557
5.96875	-1.00864	0.852287	0.240039
5.99375	-0.998628	0.843607	0.24299
