1.01875	1.86265e-08	3.72529e-08	0.24425
1.04375	1.86265e-08	3.72529e-08	0.24425
1.06875	-0.346712	-0.146562	0.138045
1.09375	-0.346712	-0.146562	0.138045
1.11875	-0.351491	-0.157758	0.161211
1.14375	-0.351491	-0.157758	0.161211
1.16875	-0.346057	-0.154896	0.192882
1.19375	-0.34364	-0.154575	0.196793
1.21875	-0.34364	-0.154575	0.196793
1.24375	-0.342609	-0.157187	0.208567
1.26875	-0.341709	-0.160682	0.226423
1.29375	-0.341709	-0.160682	0.226423
1.31875	-0.341002	-0.164326	0.235172
1.34375	-0.337419	-0.165036	0.232779
1.36875	-0.330777	-0.163416	0.229073
1.39375	-0.330777	-0.163416	0.229073
1.41875	-0.319605	-0.160107	0.225836
1.44375	-0.304467	-0.156914	0.226972
1.46875	-0.304467	-0.156914	0.226972
1.49375	-0.278875	-0.17159	0.233568
1.51875	-0.278875	-0.17159	0.233568
1.54375	-0.281555	-0.188491	0.261708
1.56875	-0.299041	-0.183137	0.280459
1.59375	-0.299041	-0.183137	0.280459
1.61875	-0.32643	-0.171641	0.286349
1.64375	-0.355312	-0.160112	0.269985
1.66875	-0.386154	-0.149633	0.231952
1.69375	-0.420136	-0.140559	0.172372
1.71875	-0.449385	-0.138716	0.12253
1.74375	-0.449385	-0.138716	0.12253
1.76875	-0.454412	-0.154495	0.126072
1.79375	-0.457699	-0.169948	0.128025
1.81875	-0.456395	-0.188675	0.134764
1.84375	-0.451015	-0.207004	0.144709
1.86875	-0.446053	-0.206663	0.165558
1.89375	-0.448519	-0.198569	0.181239
1.91875	-0.448519	-0.198569	0.181239
1.94375	-0.449306	-0.18502	0.188188
1.96875	-0.449306	-0.18502	0.188188
1.99375	-0.447814	-0.182406	0.198757
2.01875	-0.447814	-0.182406	0.198757
2.04375	-0.447378	-0.181852	0.219324
2.06875	-0.448154	-0.182912	0.239187
2.09375	-0.446737	-0.180606	0.239628
2.11875	-0.446737	-0.180606	0.239628
2.14375	-0.442002	-0.176341	0.23605
2.16875	-0.435502	-0.170201	0.232311
2.19375	-0.428828	-0.163388	0.231764
2.21875	-0.422247	-0.158921	0.231739
2.24375	-0.420042	-0.162261	0.236221
2.26875	-0.422064	-0.173068	0.242705
2.29375	-0.422064	-0.173068	0.242705
2.31875	-0.438205	-0.215461	0.254824
2.34375	-0.438205	-0.215461	0.254824
2.36875	-0.484342	-0.282241	0.257295
2.39375	-0.515819	-0.32441	0.238515
2.41875	-0.555313	-0.35646	0.207929
2.44375	-0.604525	-0.380057	0.165012
2.46875	-0.655964	-0.39543	0.124627
2.49375	-0.655964	-0.39543	0.124627
2.51875	-0.664188	-0.421967	0.127169
2.54375	-0.664188	-0.421967	0.127169
2.56875	-0.665254	-0.439469	0.131279
2.59375	-0.665254	-0.439469	0.131279
2.61875	-0.661576	-0.453745	0.143029
2.64375	-0.653344	-0.451479	0.161453
2.66875	-0.655525	-0.43748	0.177737
2.69375	-0.655504	-0.423183	0.186885
2.71875	-0.655504	-0.423183	0.186885
2.74375	-0.658749	-0.418573	0.193406
2.76875	-0.659737	-0.412169	0.20459
2.79375	-0.658907	-0.406247	0.225823
2.81875	-0.658907	-0.406247	0.225823
2.84375	-0.658231	-0.40315	0.237188
2.86875	-0.65503	-0.39774	0.237014
2.89375	-0.647991	-0.389977	0.234717
2.91875	-0.638593	-0.380992	0.230772
2.94375	-0.638593	-0.380992	0.230772
2.96875	-0.626996	-0.370473	0.230943
2.99375	-0.626996	-0.370473	0.230943
3.01875	-0.620406	-0.366924	0.235692
3.04375	-0.619782	-0.369565	0.242899
3.06875	-0.619782	-0.369565	0.242899
3.09375	-0.623548	-0.377503	0.248413
3.11875	-0.636008	-0.390581	0.247669
3.14375	-0.636008	-0.390581	0.247669
3.16875	-0.65679	-0.413488	0.252454
3.19375	-0.65679	-0.413488	0.252454
3.21875	-0.686163	-0.44551	0.258779
3.24375	-0.686163	-0.44551	0.258779
3.26875	-0.725236	-0.484855	0.260059
3.29375	-0.767804	-0.524856	0.243724
3.31875	-0.810305	-0.535758	0.233133
3.34375	-0.857367	-0.533058	0.216677
3.36875	-0.857367	-0.533058	0.216677
3.39375	-0.941093	-0.547287	0.17117
3.41875	-0.959731	-0.555044	0.188495
3.44375	-0.967826	-0.555642	0.194265
3.46875	-0.967826	-0.555642	0.194265
3.49375	-0.977162	-0.557056	0.21265
3.51875	-0.980256	-0.555235	0.234845
3.54375	-0.979554	-0.552267	0.232149
3.56875	-0.979554	-0.552267	0.232149
3.59375	-0.968343	-0.543409	0.225432
3.61875	-0.960101	-0.540979	0.225334
3.64375	-0.949792	-0.539195	0.226613
3.66875	-0.949792	-0.539195	0.226613
3.69375	-0.935866	-0.537237	0.227191
3.71875	-0.919872	-0.53758	0.228094
3.74375	-0.919872	-0.53758	0.228094
3.76875	-0.90962	-0.541667	0.232164
3.79375	-0.90962	-0.541667	0.232164
3.81875	-0.907947	-0.539666	0.245808
3.84375	-0.908797	-0.542459	0.256969
3.86875	-0.91538	-0.549994	0.26608
3.89375	-0.92745	-0.567956	0.271987
3.91875	-0.941881	-0.600831	0.282563
3.94375	-0.958824	-0.64335	0.287622
3.96875	-0.958824	-0.64335	0.287622
3.99375	-0.976418	-0.687771	0.273474
4.01875	-0.994338	-0.732618	0.238725
4.04375	-1.02755	-0.765909	0.202946
4.06875	-1.02755	-0.765909	0.202946
4.09375	-1.12557	-0.813281	0.127859
4.11875	-1.12557	-0.813281	0.127859
4.14375	-1.1353	-0.851837	0.132799
4.16875	-1.13891	-0.86282	0.159833
4.19375	-1.14245	-0.859115	0.184277
4.21875	-1.14245	-0.859115	0.184277
4.24375	-1.14703	-0.857749	0.194586
4.26875	-1.14923	-0.858114	0.208945
4.29375	-1.14923	-0.858114	0.208945
4.31875	-1.14957	-0.859622	0.230813
4.34375	-1.14954	-0.861408	0.238571
4.36875	-1.14954	-0.861408	0.238571
4.39375	-1.14615	-0.860311	0.23602
4.41875	-1.14615	-0.860311	0.23602
4.44375	-1.13904	-0.857929	0.233876
4.46875	-1.1288	-0.852385	0.235209
4.49375	-1.1288	-0.852385	0.235209
4.51875	-1.12023	-0.847344	0.233767
4.54375	-1.12023	-0.847344	0.233767
4.56875	-1.11902	-0.849505	0.237162
4.59375	-1.12449	-0.857929	0.240244
4.61875	-1.12449	-0.857929	0.240244
4.64375	-1.1403	-0.872562	0.241613
4.66875	-1.16583	-0.894576	0.24214
4.69375	-1.20222	-0.915191	0.244271
4.71875	-1.24789	-0.941733	0.238448
4.74375	-1.24789	-0.941733	0.238448
4.76875	-1.29683	-0.969392	0.214655
4.79375	-1.34794	-0.978977	0.181971
4.81875	-1.4075	-0.968567	0.141822
4.84375	-1.4075	-0.968567	0.141822
4.86875	-1.43872	-0.979092	0.124846
4.89375	-1.43872	-0.979092	0.124846
4.91875	-1.43872	-0.979092	0.124846
4.94375	-1.433	-0.992416	0.143604
4.96875	-1.42825	-0.988749	0.172071
4.99375	-1.42551	-0.985189	0.187957
5.01875	-1.43053	-0.989986	0.200319
5.04375	-1.43053	-0.989986	0.200319
5.06875	-1.43783	-0.999238	0.232103
5.09375	-1.43782	-1.00054	0.234235
5.11875	-1.43782	-1.00054	0.234235
5.14375	-1.43216	-0.997479	0.229656
5.16875	-1.42501	-0.994081	0.228632
5.19375	-1.42501	-0.994081	0.228632
5.21875	-1.41614	-0.991307	0.230695
5.24375	-1.40579	-0.989016	0.235383
5.26875	-1.39829	-0.990426	0.235883
5.29375	-1.39829	-0.990426	0.235883
5.31875	-1.39537	-1.00062	0.239674
5.34375	-1.39916	-1.01241	0.247758
5.36875	-1.4095	-1.02668	0.255306
5.39375	-1.42778	-1.0491	0.255878
5.41875	-1.45363	-1.08528	0.256609
5.44375	-1.52018	-1.18232	0.22512
5.46875	-1.56544	-1.21311	0.195377
5.49375	-1.56544	-1.21311	0.195377
5.51875	-1.66548	-1.24779	0.124805
5.54375	-1.67835	-1.28184	0.126003
5.56875	-1.67835	-1.28184	0.126003
5.59375	-1.6806	-1.29136	0.132106
5.61875	-1.67036	-1.28949	0.142965
5.64375	-1.65748	-1.28452	0.15666
5.66875	-1.6581	-1.26014	0.183441
5.69375	-1.6581	-1.26014	0.183441
5.71875	-1.65703	-1.25245	0.193714
5.74375	-1.65703	-1.25245	0.193714
5.76875	-1.65544	-1.25062	0.217471
5.79375	-1.65544	-1.25062	0.217471
5.81875	-1.65177	-1.25289	0.23718
5.84375	-1.646	-1.25108	0.236071
5.86875	-1.646	-1.25108	0.236071
5.89375	-1.63693	-1.24738	0.235187
5.91875	-1.63693	-1.24738	0.235187
5.94375	-1.63693	-1.24738	0.235187
5.96875	-1.61337	-1.2381	0.229453
5.99375	-1.61337	-1.2381	0.229453
