1.01875	1.86265e-08	3.72529e-08	0.24425
1.04375	1.86265e-08	3.72529e-08	0.24425
1.06875	-0.192535	0.0441385	0.183432
1.09375	-0.18466	0.0470539	0.193248
1.11875	-0.177019	0.0485742	0.195799
1.14375	-0.177019	0.0485742	0.195799
1.16875	-0.175145	0.0482084	0.196031
1.19375	-0.175145	0.0482084	0.196031
1.21875	-0.171408	0.0516881	0.197245
1.24375	-0.166625	0.0541598	0.206371
1.26875	-0.166625	0.0541598	0.206371
1.29375	-0.1627	0.0527451	0.225568
1.31875	-0.1627	0.0527451	0.225568
1.34375	-0.1627	0.0527451	0.225568
1.36875	-0.159387	0.0514931	0.237018
1.39375	-0.151886	0.0505114	0.237372
1.41875	-0.151886	0.0505114	0.237372
1.44375	-0.151886	0.0505114	0.237372
1.46875	-0.14154	0.0488494	0.243135
1.49375	-0.148275	0.0421021	0.247574
1.51875	-0.167802	0.0360299	0.246371
1.54375	-0.167802	0.0360299	0.246371
1.56875	-0.200193	0.0295828	0.243542
1.59375	-0.244678	0.0287136	0.239674
1.61875	-0.29308	0.0294596	0.216295
1.64375	-0.338309	0.0403028	0.175227
1.66875	-0.380006	0.0598202	0.132453
1.69375	-0.389516	0.0572819	0.134828
1.71875	-0.389805	0.0559333	0.136774
1.74375	-0.389805	0.0559333	0.136774
1.76875	-0.388463	0.0543004	0.139395
1.79375	-0.379307	0.0466162	0.149369
1.81875	-0.368753	0.046423	0.160181
1.84375	-0.35818	0.0547893	0.173607
1.86875	-0.346301	0.0602364	0.181545
1.89375	-0.342015	0.0624273	0.18839
1.91875	-0.342015	0.0624273	0.18839
1.94375	-0.340123	0.0680178	0.195943
1.96875	-0.340123	0.0680178	0.195943
1.99375	-0.333903	0.0774453	0.210092
2.01875	-0.331999	0.0771431	0.224136
2.04375	-0.330365	0.0773832	0.23592
2.06875	-0.330365	0.0773832	0.23592
2.09375	-0.316502	0.080311	0.235832
2.11875	-0.305244	0.0808734	0.234835
2.14375	-0.305244	0.0808734	0.234835
2.16875	-0.293316	0.0807655	0.2362
2.19375	-0.287447	0.0775991	0.234036
2.21875	-0.287447	0.0775991	0.234036
2.24375	-0.287447	0.0775991	0.234036
2.26875	-0.300274	0.0571289	0.237721
2.29375	-0.318733	0.0440581	0.240804
2.31875	-0.318733	0.0440581	0.240804
2.34375	-0.346279	0.0288769	0.241024
2.36875	-0.384739	0.0133189	0.236771
2.39375	-0.384739	0.0133189	0.236771
2.41875	-0.430944	-0.00365388	0.219648
2.44375	-0.430944	-0.00365388	0.219648
2.46875	-0.478289	-0.0150931	0.183113
2.49375	-0.532225	-0.011234	0.139005
2.51875	-0.555842	-0.0205224	0.125428
2.54375	-0.555842	-0.0205224	0.125428
2.56875	-0.555842	-0.0205224	0.125428
2.59375	-0.551244	-0.0359014	0.169435
2.61875	-0.547496	-0.0317957	0.188263
2.64375	-0.547496	-0.0317957	0.188263
2.66875	-0.542783	-0.0279159	0.192999
2.69375	-0.540936	-0.0260487	0.196366
2.71875	-0.539999	-0.0232668	0.198477
2.74375	-0.539999	-0.0232668	0.198477
2.76875	-0.536798	-0.0204617	0.217129
2.79375	-0.533711	-0.0196047	0.226975
2.81875	-0.528846	-0.0171056	0.226092
2.84375	-0.528846	-0.0171056	0.226092
2.86875	-0.521701	-0.0133238	0.226147
2.89375	-0.506428	-0.000969224	0.228388
2.91875	-0.506428	-0.000969224	0.228388
2.94375	-0.502811	0.00109361	0.228467
2.96875	-0.513343	0.00277594	0.234515
2.99375	-0.566363	-0.0144953	0.247035
3.01875	-0.608364	-0.0373135	0.244923
3.04375	-0.654273	-0.0632498	0.223246
3.06875	-0.654273	-0.0632498	0.223246
3.09375	-0.693075	-0.0966908	0.195136
3.11875	-0.691536	-0.0980214	0.179794
3.14375	-0.691168	-0.0989565	0.151218
3.16875	-0.697032	-0.0968691	0.144626
3.19375	-0.70209	-0.0965609	0.141763
3.21875	-0.70209	-0.0965609	0.141763
3.24375	-0.706316	-0.0971766	0.139746
3.26875	-0.706316	-0.0971766	0.139746
3.29375	-0.709532	-0.0986043	0.139042
3.31875	-0.700365	-0.104347	0.148313
3.34375	-0.700365	-0.104347	0.148313
3.36875	-0.691322	-0.0971823	0.166004
3.39375	-0.681735	-0.0830077	0.177794
3.41875	-0.681735	-0.0830077	0.177794
3.44375	-0.678254	-0.0752893	0.187034
3.46875	-0.678354	-0.0714731	0.19472
3.49375	-0.678354	-0.0714731	0.19472
3.51875	-0.67671	-0.066739	0.218015
3.54375	-0.672692	-0.0634439	0.229886
3.56875	-0.672692	-0.0634439	0.229886
3.59375	-0.666008	-0.0574895	0.229066
3.61875	-0.658175	-0.0497819	0.226622
3.64375	-0.658175	-0.0497819	0.226622
3.66875	-0.650391	-0.0421501	0.22655
3.69375	-0.640911	-0.0351783	0.231116
3.71875	-0.635649	-0.0351804	0.233461
3.74375	-0.636702	-0.0440755	0.233871
3.76875	-0.665	-0.0831325	0.235619
3.79375	-0.693722	-0.114552	0.231325
3.81875	-0.730427	-0.148832	0.214279
3.84375	-0.730427	-0.148832	0.214279
3.86875	-0.763216	-0.18087	0.176892
3.89375	-0.76953	-0.177745	0.146452
3.91875	-0.774274	-0.179649	0.142967
3.94375	-0.774274	-0.179649	0.142967
3.96875	-0.780498	-0.18442	0.139378
3.99375	-0.780498	-0.18442	0.139378
4.01875	-0.783667	-0.189054	0.138598
4.04375	-0.782597	-0.191122	0.141223
4.06875	-0.770685	-0.187712	0.150642
4.09375	-0.767607	-0.178794	0.160534
4.11875	-0.768064	-0.166036	0.172599
4.14375	-0.768064	-0.166036	0.172599
4.16875	-0.766204	-0.154674	0.181128
4.19375	-0.765336	-0.151804	0.19126
4.21875	-0.768364	-0.15145	0.201251
4.24375	-0.769743	-0.146061	0.206142
4.26875	-0.769148	-0.142151	0.207611
4.29375	-0.765685	-0.138961	0.21376
4.31875	-0.761054	-0.140432	0.223647
4.34375	-0.761054	-0.140432	0.223647
4.36875	-0.754208	-0.14171	0.225783
4.39375	-0.73788	-0.137962	0.226195
4.41875	-0.726695	-0.132255	0.233448
4.44375	-0.719087	-0.132546	0.237255
4.46875	-0.71826	-0.14226	0.239024
4.49375	-0.728604	-0.154752	0.244352
4.51875	-0.747557	-0.176186	0.248559
4.54375	-0.747557	-0.176186	0.248559
4.56875	-0.81218	-0.233245	0.23694
4.59375	-0.81218	-0.233245	0.23694
4.61875	-0.87231	-0.279239	0.168513
4.64375	-0.87231	-0.279239	0.168513
4.66875	-0.885222	-0.283232	0.143148
4.69375	-0.889375	-0.286121	0.140898
4.71875	-0.892782	-0.28936	0.139203
4.74375	-0.894026	-0.289714	0.138339
4.76875	-0.892752	-0.288951	0.139608
4.79375	-0.883581	-0.285197	0.147485
4.81875	-0.883581	-0.285197	0.147485
4.84375	-0.874405	-0.279305	0.155587
4.86875	-0.875382	-0.266368	0.168982
4.89375	-0.873269	-0.253461	0.178164
4.91875	-0.872302	-0.248165	0.185207
4.94375	-0.872302	-0.248165	0.185207
4.96875	-0.876765	-0.248317	0.196708
4.99375	-0.876765	-0.248317	0.196708
5.01875	-0.883507	-0.248896	0.207564
5.04375	-0.885856	-0.248209	0.210812
5.06875	-0.885461	-0.247043	0.219492
5.09375	-0.884032	-0.249255	0.228243
5.11875	-0.879267	-0.250252	0.228267
5.14375	-0.869558	-0.249562	0.22719
5.16875	-0.869558	-0.249562	0.22719
5.19375	-0.855587	-0.245079	0.229813
5.21875	-0.855587	-0.245079	0.229813
5.24375	-0.855587	-0.245079	0.229813
5.26875	-0.842753	-0.235679	0.24439
5.29375	-0.842753	-0.235679	0.24439
5.31875	-0.849972	-0.239875	0.254484
5.34375	-0.864444	-0.253347	0.261365
5.36875	-0.864444	-0.253347	0.261365
5.39375	-0.887975	-0.277439	0.263604
5.41875	-0.887975	-0.277439	0.263604
5.44375	-0.922485	-0.314005	0.26076
5.46875	-0.960416	-0.356924	0.242303
5.49375	-0.998452	-0.3983	0.201114
5.51875	-0.998452	-0.3983	0.201114
5.54375	-1.05006	-0.406261	0.162269
5.56875	-1.05006	-0.406261	0.162269
5.59375	-1.09536	-0.408547	0.126886
5.61875	-1.10317	-0.431294	0.13522
5.64375	-1.10317	-0.431294	0.13522
5.66875	-1.10413	-0.432598	0.158758
5.69375	-1.10632	-0.428233	0.179748
5.71875	-1.10909	-0.425012	0.193521
5.74375	-1.10998	-0.419761	0.20244
5.76875	-1.11061	-0.414275	0.206336
5.79375	-1.11061	-0.414275	0.206336
5.81875	-1.11113	-0.41099	0.210422
5.84375	-1.11113	-0.41099	0.210422
5.86875	-1.1101	-0.407636	0.220393
5.89375	-1.10283	-0.399184	0.225944
5.91875	-1.09627	-0.39345	0.225334
5.94375	-1.09627	-0.39345	0.225334
5.96875	-1.08785	-0.387167	0.226903
5.99375	-1.08157	-0.379621	0.233264
