1.01875	1.86265e-08	3.72529e-08	0.24425
1.04375	1.86265e-08	3.72529e-08	0.24425
1.06875	-0.124098	0.0273398	0.176117
1.09375	-0.116832	0.0319355	0.189188
1.11875	-0.116832	0.0319355	0.189188
1.14375	-0.109938	0.0328869	0.196075
1.16875	-0.102739	0.0313022	0.194691
1.19375	-0.0987033	0.0398485	0.20393
1.21875	-0.0967201	0.0426452	0.210927
1.24375	-0.0967201	0.0426452	0.210927
1.26875	-0.0979834	0.0415428	0.222661
1.29375	-0.0979834	0.0415428	0.222661
1.31875	-0.0993752	0.0374042	0.230233
1.34375	-0.0967409	0.0326041	0.230422
1.36875	-0.0899604	0.02789	0.230533
1.39375	-0.0899604	0.02789	0.230533
1.41875	-0.0854007	0.0246329	0.235695
1.44375	-0.0854007	0.0246329	0.235695
1.46875	-0.113269	0.0301024	0.241026
1.49375	-0.113269	0.0301024	0.241026
1.51875	-0.149508	0.0394164	0.238211
1.54375	-0.149508	0.0394164	0.238211
1.56875	-0.193221	0.0509859	0.219391
1.59375	-0.216525	0.0688407	0.195588
1.61875	-0.216525	0.0688407	0.195588
1.64375	-0.233274	0.0762907	0.180399
1.66875	-0.236413	0.0752299	0.163862
1.69375	-0.232644	0.0738097	0.157728
1.71875	-0.232644	0.0738097	0.157728
1.74375	-0.230871	0.0742145	0.157824
1.76875	-0.232218	0.0745354	0.157899
1.79375	-0.232316	0.0753509	0.166252
1.81875	-0.232316	0.0753509	0.166252
1.84375	-0.223036	0.078707	0.182264
1.86875	-0.214248	0.0783355	0.195565
1.89375	-0.206315	0.0760404	0.20019
1.91875	-0.201259	0.075106	0.196698
1.94375	-0.197891	0.0794441	0.203056
1.96875	-0.19349	0.0835803	0.209246
1.99375	-0.191124	0.0832112	0.216279
2.01875	-0.192486	0.0807783	0.224857
2.04375	-0.192486	0.0807783	0.224857
2.06875	-0.190713	0.0688053	0.229734
2.09375	-0.180866	0.0534299	0.228864
2.11875	-0.180866	0.0534299	0.228864
2.14375	-0.176677	0.0461017	0.230226
2.16875	-0.175578	0.0392218	0.236924
2.19375	-0.175578	0.0392218	0.236924
2.21875	-0.182201	0.035995	0.241054
2.24375	-0.200592	0.0375114	0.241963
2.26875	-0.225048	0.0521727	0.246673
2.29375	-0.225048	0.0521727	0.246673
2.31875	-0.241027	0.0817027	0.243627
2.34375	-0.253854	0.116685	0.219945
2.36875	-0.253854	0.116685	0.219945
2.39375	-0.255429	0.136651	0.187433
2.41875	-0.255429	0.136651	0.187433
2.44375	-0.255039	0.137806	0.168021
2.46875	-0.256992	0.138437	0.157047
2.49375	-0.260067	0.139701	0.157812
2.51875	-0.261482	0.138298	0.15989
2.54375	-0.261482	0.138298	0.15989
2.56875	-0.2558	0.138067	0.16945
2.59375	-0.247326	0.140785	0.182929
2.61875	-0.240872	0.141363	0.192018
2.64375	-0.240872	0.141363	0.192018
2.66875	-0.235793	0.13972	0.196682
2.69375	-0.230727	0.137193	0.194636
2.71875	-0.228347	0.141037	0.200096
2.74375	-0.224345	0.143875	0.203178
2.76875	-0.224345	0.143875	0.203178
2.79375	-0.21936	0.140348	0.220305
2.81875	-0.220857	0.134748	0.226372
2.84375	-0.220857	0.134748	0.226372
2.86875	-0.21917	0.126577	0.22653
2.89375	-0.214338	0.11763	0.225967
2.91875	-0.214338	0.11763	0.225967
2.94375	-0.211655	0.110224	0.227693
2.96875	-0.230275	0.106634	0.236887
2.99375	-0.258698	0.113757	0.238345
3.01875	-0.258698	0.113757	0.238345
3.04375	-0.318481	0.146438	0.228665
3.06875	-0.323661	0.164468	0.212244
3.09375	-0.323661	0.164468	0.212244
3.11875	-0.324781	0.172819	0.192113
3.14375	-0.324781	0.172819	0.192113
3.16875	-0.326616	0.175128	0.185042
3.19375	-0.330417	0.174312	0.166811
3.21875	-0.330417	0.174312	0.166811
3.24375	-0.330417	0.174312	0.166811
3.26875	-0.334005	0.177412	0.157462
3.29375	-0.340993	0.178725	0.159071
3.31875	-0.340993	0.178725	0.159071
3.34375	-0.345741	0.180978	0.166084
3.36875	-0.337278	0.185115	0.181412
3.39375	-0.327578	0.187134	0.192994
3.41875	-0.320456	0.185106	0.194604
3.44375	-0.320456	0.185106	0.194604
3.46875	-0.317407	0.188432	0.200109
3.49375	-0.317407	0.188432	0.200109
3.51875	-0.310975	0.191032	0.201678
3.54375	-0.304123	0.191444	0.207207
3.56875	-0.304123	0.191444	0.207207
3.59375	-0.301843	0.190073	0.214666
3.61875	-0.303912	0.186622	0.223278
3.64375	-0.303912	0.186622	0.223278
3.66875	-0.295878	0.171691	0.226092
3.69375	-0.295878	0.171691	0.226092
3.71875	-0.292312	0.166023	0.228772
3.74375	-0.309499	0.170222	0.242367
3.76875	-0.333443	0.181941	0.248648
3.79375	-0.370227	0.201837	0.247478
3.81875	-0.408697	0.225696	0.227991
3.84375	-0.408697	0.225696	0.227991
3.86875	-0.436903	0.258981	0.195287
3.89375	-0.436903	0.258981	0.195287
3.91875	-0.467982	0.280788	0.168465
3.94375	-0.467754	0.280325	0.158087
3.96875	-0.467672	0.282092	0.157594
3.99375	-0.468315	0.283282	0.157291
4.01875	-0.468315	0.283282	0.157291
4.04375	-0.46961	0.28323	0.158194
4.06875	-0.468699	0.277875	0.16185
4.09375	-0.468699	0.277875	0.16185
4.11875	-0.468699	0.277875	0.16185
4.14375	-0.459112	0.277264	0.170784
4.16875	-0.446061	0.276701	0.183258
4.19375	-0.436147	0.274227	0.187916
4.21875	-0.436147	0.274227	0.187916
4.24375	-0.432143	0.275896	0.194505
4.26875	-0.427247	0.278281	0.196205
4.29375	-0.427247	0.278281	0.196205
4.31875	-0.421535	0.279135	0.199525
4.34375	-0.421535	0.279135	0.199525
4.36875	-0.416678	0.277933	0.205873
4.39375	-0.417083	0.27609	0.214618
4.41875	-0.417083	0.27609	0.214618
4.44375	-0.414846	0.27119	0.222312
4.46875	-0.41444	0.269955	0.230725
4.49375	-0.424279	0.276471	0.237917
4.51875	-0.438772	0.286668	0.236692
4.54375	-0.448606	0.292691	0.22162
4.56875	-0.448606	0.292691	0.22162
4.59375	-0.455919	0.292744	0.199778
4.61875	-0.453756	0.2931	0.197137
4.64375	-0.451968	0.292832	0.182306
4.66875	-0.451968	0.292832	0.182306
4.69375	-0.45317	0.290348	0.165192
4.71875	-0.452238	0.290686	0.160531
4.74375	-0.451292	0.29095	0.160465
4.76875	-0.450871	0.291091	0.160337
4.79375	-0.450871	0.291091	0.160337
4.81875	-0.453441	0.28845	0.163899
4.84375	-0.452554	0.292102	0.169601
4.86875	-0.450172	0.296475	0.179707
4.89375	-0.44993	0.297932	0.187451
4.91875	-0.451144	0.298169	0.191873
4.94375	-0.449821	0.300308	0.198129
4.96875	-0.449821	0.300308	0.198129
4.99375	-0.445265	0.302345	0.201454
5.01875	-0.435649	0.299549	0.21236
5.04375	-0.435649	0.299549	0.21236
5.06875	-0.435649	0.299549	0.21236
5.09375	-0.431767	0.282596	0.223583
5.11875	-0.426827	0.276545	0.223296
5.14375	-0.423105	0.272047	0.223828
5.16875	-0.423105	0.272047	0.223828
5.19375	-0.419186	0.267559	0.226805
5.21875	-0.421287	0.268154	0.232625
5.24375	-0.432012	0.275154	0.239214
5.26875	-0.453458	0.291015	0.242618
5.29375	-0.487198	0.3168	0.239361
5.31875	-0.51728	0.337704	0.228703
5.34375	-0.51728	0.337704	0.228703
5.36875	-0.52923	0.3609	0.209498
5.39375	-0.540522	0.38056	0.188094
5.41875	-0.552342	0.392936	0.175368
5.44375	-0.563903	0.398473	0.15938
5.46875	-0.5625	0.398848	0.158002
5.49375	-0.5625	0.398848	0.158002
5.51875	-0.561104	0.39939	0.157459
5.54375	-0.561104	0.39939	0.157459
5.56875	-0.561562	0.399924	0.157424
5.59375	-0.561562	0.399924	0.157424
5.61875	-0.561639	0.397392	0.164234
5.64375	-0.551085	0.397074	0.178468
5.66875	-0.539623	0.395043	0.189321
5.69375	-0.539623	0.395043	0.189321
5.71875	-0.52457	0.393533	0.200937
5.74375	-0.517877	0.392622	0.201829
5.76875	-0.517877	0.392622	0.201829
5.79375	-0.512794	0.390204	0.203124
5.81875	-0.510662	0.383753	0.216034
5.84375	-0.510662	0.383753	0.216034
5.86875	-0.510784	0.37772	0.221542
5.89375	-0.508662	0.368034	0.222466
5.91875	-0.508662	0.368034	0.222466
5.94375	-0.505189	0.360811	0.223503
5.96875	-0.505189	0.360811	0.223503
5.99375	-0.502646	0.365049	0.229395
