1.01875	1.86265e-08	3.72529e-08	0.24425
1.04375	1.86265e-08	3.72529e-08	0.24425
1.06875	-0.32346	-0.00887099	0.128736
1.09375	-0.32346	-0.00887099	0.128736
1.11875	-0.332782	-0.0133486	0.126916
1.14375	-0.324791	-0.0113908	0.190361
1.16875	-0.32153	-0.0112171	0.199977
1.19375	-0.32153	-0.0112171	0.199977
1.21875	-0.315652	-0.0190069	0.200101
1.24375	-0.314791	-0.0257799	0.212024
1.26875	-0.314791	-0.0257799	0.212024
1.29375	-0.307671	-0.0316581	0.237353
1.31875	-0.307671	-0.0316581	0.237353
1.34375	-0.284515	-0.0364641	0.224967
1.36875	-0.272809	-0.0405962	0.223891
1.39375	-0.268137	-0.0416004	0.227881
1.41875	-0.268137	-0.0416004	0.227881
1.44375	-0.269468	-0.0417947	0.238453
1.46875	-0.276397	-0.042387	0.253731
1.49375	-0.276397	-0.042387	0.253731
1.51875	-0.276397	-0.042387	0.253731
1.54375	-0.303248	-0.072453	0.282071
1.56875	-0.32452	-0.102971	0.291522
1.59375	-0.32452	-0.102971	0.291522
1.61875	-0.349838	-0.138232	0.282508
1.64375	-0.349838	-0.138232	0.282508
1.66875	-0.377966	-0.171637	0.247423
1.69375	-0.417577	-0.18745	0.208328
1.71875	-0.463181	-0.198638	0.152588
1.74375	-0.463181	-0.198638	0.152588
1.76875	-0.508519	-0.214003	0.123852
1.79375	-0.524446	-0.245268	0.13314
1.81875	-0.524446	-0.245268	0.13314
1.84375	-0.535946	-0.279585	0.142713
1.86875	-0.53781	-0.277183	0.168556
1.89375	-0.53781	-0.277183	0.168556
1.91875	-0.5354	-0.266907	0.182981
1.94375	-0.53652	-0.26008	0.189176
1.96875	-0.53652	-0.26008	0.189176
1.99375	-0.53652	-0.26008	0.189176
2.01875	-0.539622	-0.258603	0.19984
2.04375	-0.541918	-0.257717	0.219383
2.06875	-0.541918	-0.257717	0.219383
2.09375	-0.545551	-0.259772	0.235582
2.11875	-0.54705	-0.25967	0.235364
2.14375	-0.54705	-0.25967	0.235364
2.16875	-0.529905	-0.24727	0.239458
2.19375	-0.529905	-0.24727	0.239458
2.21875	-0.523413	-0.243577	0.239029
2.24375	-0.524271	-0.246038	0.2324
2.26875	-0.524271	-0.246038	0.2324
2.29375	-0.538696	-0.246798	0.235598
2.31875	-0.538696	-0.246798	0.235598
2.34375	-0.562113	-0.2543	0.2359
2.36875	-0.562113	-0.2543	0.2359
2.39375	-0.597437	-0.268821	0.228176
2.41875	-0.64699	-0.29461	0.214884
2.44375	-0.703108	-0.32641	0.186446
2.46875	-0.703108	-0.32641	0.186446
2.49375	-0.759988	-0.356095	0.137962
2.51875	-0.759988	-0.356095	0.137962
2.54375	-0.759988	-0.356095	0.137962
2.56875	-0.799769	-0.370273	0.135849
2.59375	-0.795248	-0.374197	0.14681
2.61875	-0.782648	-0.364264	0.151844
2.64375	-0.781623	-0.357122	0.177073
2.66875	-0.780314	-0.350083	0.197358
2.69375	-0.780314	-0.350083	0.197358
2.71875	-0.778394	-0.344499	0.206418
2.74375	-0.776961	-0.343532	0.213035
2.76875	-0.776961	-0.343532	0.213035
2.79375	-0.774591	-0.342469	0.223595
2.81875	-0.76958	-0.340336	0.230158
2.84375	-0.76958	-0.340336	0.230158
2.86875	-0.762505	-0.336153	0.227311
2.89375	-0.756928	-0.331867	0.225755
2.91875	-0.756928	-0.331867	0.225755
2.94375	-0.749502	-0.327126	0.22712
2.96875	-0.747121	-0.321322	0.233196
2.99375	-0.747121	-0.321322	0.233196
3.01875	-0.757538	-0.313133	0.242182
3.04375	-0.776151	-0.313688	0.251102
3.06875	-0.776151	-0.313688	0.251102
3.09375	-0.804061	-0.32358	0.258013
3.11875	-0.843976	-0.343499	0.257882
3.14375	-0.892894	-0.372179	0.24544
3.16875	-0.942245	-0.403231	0.211986
3.19375	-0.942245	-0.403231	0.211986
3.21875	-0.991592	-0.43428	0.156975
3.24375	-0.991592	-0.43428	0.156975
3.26875	-1.02745	-0.46677	0.126191
3.29375	-1.02745	-0.46677	0.126191
3.31875	-1.04536	-0.488156	0.133588
3.34375	-1.04536	-0.488156	0.133588
3.36875	-1.05258	-0.50071	0.149911
3.39375	-1.0454	-0.492793	0.169339
3.41875	-1.0454	-0.492793	0.169339
3.44375	-1.03895	-0.485939	0.183065
3.46875	-1.03895	-0.485939	0.183065
3.49375	-1.03895	-0.485939	0.183065
3.51875	-1.03895	-0.485939	0.183065
3.54375	-1.04312	-0.485483	0.213388
3.56875	-1.04312	-0.485483	0.213388
3.59375	-1.04304	-0.484566	0.232808
3.61875	-1.04304	-0.484566	0.232808
3.64375	-1.04115	-0.482407	0.236458
3.66875	-1.03799	-0.478759	0.233307
3.69375	-1.03799	-0.478759	0.233307
3.71875	-1.03232	-0.471253	0.23278
3.74375	-1.03232	-0.471253	0.23278
3.76875	-1.02886	-0.468229	0.232672
3.79375	-1.033	-0.476053	0.234377
3.81875	-1.033	-0.476053	0.234377
3.84375	-1.04365	-0.495726	0.236054
3.86875	-1.06244	-0.526457	0.22979
3.89375	-1.06244	-0.526457	0.22979
3.91875	-1.0898	-0.571506	0.216501
3.94375	-1.1217	-0.626438	0.189188
3.96875	-1.15723	-0.677846	0.145311
3.99375	-1.15723	-0.677846	0.145311
4.01875	-1.18797	-0.703937	0.126328
4.04375	-1.18797	-0.703937	0.126328
4.06875	-1.18455	-0.708643	0.142088
4.09375	-1.18455	-0.708643	0.142088
4.11875	-1.1838	-0.684662	0.175388
4.14375	-1.18821	-0.679312	0.191979
4.16875	-1.19083	-0.678397	0.195335
4.19375	-1.19365	-0.675529	0.197574
4.21875	-1.19599	-0.672522	0.207311
4.24375	-1.19599	-0.672522	0.207311
4.26875	-1.19423	-0.671632	0.2347
4.29375	-1.18414	-0.668394	0.234323
4.31875	-1.17488	-0.665633	0.231358
4.34375	-1.17488	-0.665633	0.231358
4.36875	-1.14816	-0.657787	0.229131
4.39375	-1.13405	-0.657406	0.227738
4.41875	-1.1244	-0.662625	0.225873
4.44375	-1.1244	-0.662625	0.225873
4.46875	-1.11682	-0.670076	0.241168
4.49375	-1.11891	-0.674759	0.250442
4.51875	-1.11891	-0.674759	0.250442
4.54375	-1.13578	-0.702865	0.276547
4.56875	-1.1504	-0.731089	0.287275
4.59375	-1.17101	-0.767634	0.287388
4.61875	-1.17101	-0.767634	0.287388
4.64375	-1.19685	-0.808064	0.266814
4.66875	-1.23067	-0.83385	0.24211
4.69375	-1.27549	-0.840298	0.214321
4.71875	-1.32365	-0.84377	0.174861
4.74375	-1.3754	-0.856839	0.139984
4.76875	-1.40906	-0.87757	0.125591
4.79375	-1.42714	-0.910243	0.131528
4.81875	-1.43542	-0.9338	0.146096
4.84375	-1.43234	-0.929331	0.169936
4.86875	-1.43234	-0.929331	0.169936
4.89375	-1.42664	-0.919299	0.184138
4.91875	-1.42664	-0.919299	0.184138
4.94375	-1.42115	-0.910029	0.189593
4.96875	-1.41865	-0.906977	0.193091
4.99375	-1.41637	-0.904289	0.204794
5.01875	-1.41637	-0.904289	0.204794
5.04375	-1.41126	-0.900393	0.234666
5.06875	-1.40684	-0.897234	0.233627
5.09375	-1.39986	-0.893617	0.230928
5.11875	-1.38874	-0.888789	0.229123
5.14375	-1.37574	-0.885396	0.22936
5.16875	-1.37574	-0.885396	0.22936
5.19375	-1.35336	-0.889299	0.229108
5.21875	-1.34756	-0.897845	0.228339
5.24375	-1.35033	-0.90535	0.237107
5.26875	-1.35889	-0.909352	0.249532
5.29375	-1.37248	-0.920832	0.260133
5.31875	-1.37248	-0.920832	0.260133
5.34375	-1.39409	-0.93908	0.271401
5.36875	-1.42624	-0.966102	0.274087
5.39375	-1.42624	-0.966102	0.274087
5.41875	-1.46348	-0.998355	0.259243
5.44375	-1.46348	-0.998355	0.259243
5.46875	-1.50073	-1.03168	0.221353
5.49375	-1.5472	-1.05537	0.174553
5.51875	-1.60937	-1.05711	0.124411
5.54375	-1.60937	-1.05711	0.124411
5.56875	-1.62179	-1.07344	0.126604
5.59375	-1.62659	-1.09352	0.137415
5.61875	-1.63045	-1.11703	0.148209
5.64375	-1.63457	-1.11367	0.172103
5.66875	-1.63457	-1.10508	0.186609
5.69375	-1.63531	-1.09981	0.191189
5.71875	-1.6361	-1.09617	0.201249
5.74375	-1.6361	-1.09617	0.201249
5.76875	-1.63721	-1.09404	0.213083
5.79375	-1.63721	-1.09404	0.213083
5.81875	-1.63788	-1.09065	0.232629
5.84375	-1.63788	-1.09065	0.232629
5.86875	-1.6356	-1.088	0.232367
5.89375	-1.6356	-1.088	0.232367
5.91875	-1.62951	-1.08328	0.230204
5.94375	-1.62054	-1.07779	0.229211
5.96875	-1.62054	-1.07779	0.229211
5.99375	-1.61117	-1.0717	0.228818
