1.01875	1.86265e-08	3.72529e-08	0.24425
1.04375	1.86265e-08	3.72529e-08	0.24425
1.06875	-0.312481	-0.081978	0.146903
1.09375	-0.303658	-0.087204	0.155836
1.11875	-0.294124	-0.0703843	0.18144
1.14375	-0.285281	-0.0633118	0.187937
1.16875	-0.281764	-0.0614078	0.193504
1.19375	-0.281764	-0.0614078	0.193504
1.21875	-0.280338	-0.0551604	0.211652
1.24375	-0.275037	-0.0510404	0.233583
1.26875	-0.275037	-0.0510404	0.233583
1.29375	-0.270032	-0.0479834	0.232408
1.31875	-0.262957	-0.0430419	0.227562
1.34375	-0.253621	-0.0386189	0.224987
1.36875	-0.243206	-0.0349597	0.224264
1.39375	-0.230428	-0.0323506	0.225701
1.41875	-0.199983	-0.0340217	0.226117
1.44375	-0.199983	-0.0340217	0.226117
1.46875	-0.190927	-0.0480797	0.242159
1.49375	-0.194627	-0.0552866	0.258186
1.51875	-0.199713	-0.0721303	0.272847
1.54375	-0.207433	-0.098694	0.283569
1.56875	-0.220927	-0.135198	0.284169
1.59375	-0.242656	-0.165561	0.27644
1.61875	-0.275663	-0.17627	0.26819
1.64375	-0.275663	-0.17627	0.26819
1.66875	-0.313108	-0.183284	0.248008
1.69375	-0.399579	-0.199254	0.186372
1.71875	-0.443918	-0.227074	0.159254
1.74375	-0.443918	-0.227074	0.159254
1.76875	-0.486728	-0.254439	0.124272
1.79375	-0.506671	-0.329464	0.135053
1.81875	-0.506671	-0.329464	0.135053
1.84375	-0.502155	-0.335204	0.156231
1.86875	-0.501979	-0.330665	0.167723
1.89375	-0.501979	-0.330665	0.167723
1.91875	-0.501708	-0.314756	0.179743
1.94375	-0.49886	-0.301613	0.188084
1.96875	-0.496685	-0.295749	0.198209
1.99375	-0.495812	-0.291245	0.218844
2.01875	-0.496959	-0.288673	0.238095
2.04375	-0.495521	-0.282369	0.239271
2.06875	-0.490948	-0.273511	0.235882
2.09375	-0.484429	-0.263162	0.233388
2.11875	-0.484429	-0.263162	0.233388
2.14375	-0.476456	-0.255097	0.23089
2.16875	-0.470006	-0.252088	0.229275
2.19375	-0.467363	-0.252495	0.22951
2.21875	-0.467363	-0.252495	0.22951
2.24375	-0.467152	-0.256108	0.233691
2.26875	-0.471847	-0.264159	0.239509
2.29375	-0.48153	-0.278177	0.245252
2.31875	-0.48153	-0.278177	0.245252
2.34375	-0.498204	-0.298076	0.246816
2.36875	-0.498204	-0.298076	0.246816
2.39375	-0.526683	-0.319669	0.245554
2.41875	-0.566083	-0.353527	0.242811
2.44375	-0.566083	-0.353527	0.242811
2.46875	-0.654963	-0.437352	0.18815
2.49375	-0.744025	-0.476746	0.127607
2.51875	-0.756468	-0.490233	0.132207
2.54375	-0.757867	-0.493112	0.13689
2.56875	-0.757867	-0.493112	0.13689
2.59375	-0.746236	-0.490909	0.14639
2.61875	-0.746236	-0.490909	0.14639
2.64375	-0.734683	-0.485865	0.15734
2.66875	-0.731656	-0.470551	0.170576
2.69375	-0.731656	-0.470551	0.170576
2.71875	-0.733143	-0.461212	0.179449
2.74375	-0.733143	-0.461212	0.179449
2.76875	-0.737371	-0.458738	0.190978
2.79375	-0.741501	-0.457485	0.213412
2.81875	-0.741501	-0.457485	0.213412
2.84375	-0.745536	-0.455491	0.23532
2.86875	-0.746453	-0.451382	0.238153
2.89375	-0.744846	-0.44579	0.235282
2.91875	-0.739708	-0.438051	0.234697
2.94375	-0.739708	-0.438051	0.234697
2.96875	-0.731567	-0.426867	0.237349
2.99375	-0.726993	-0.420066	0.237655
3.01875	-0.726993	-0.420066	0.237655
3.04375	-0.729028	-0.420113	0.242667
3.06875	-0.735964	-0.425445	0.247057
3.09375	-0.735964	-0.425445	0.247057
3.11875	-0.750072	-0.435686	0.245283
3.14375	-0.750072	-0.435686	0.245283
3.16875	-0.773393	-0.455647	0.244791
3.19375	-0.773393	-0.455647	0.244791
3.21875	-0.8068	-0.486279	0.243969
3.24375	-0.850182	-0.527978	0.238064
3.26875	-0.895956	-0.571962	0.21216
3.29375	-0.895956	-0.571962	0.21216
3.31875	-0.990377	-0.637891	0.13119
3.34375	-0.990377	-0.637891	0.13119
3.36875	-1.0048	-0.668287	0.170903
3.39375	-1.00382	-0.666445	0.192274
3.41875	-0.999009	-0.662401	0.198441
3.44375	-0.999009	-0.662401	0.198441
3.46875	-0.990718	-0.65553	0.194792
3.49375	-0.989048	-0.65509	0.200305
3.51875	-0.987349	-0.655249	0.214294
3.54375	-0.985534	-0.655842	0.231568
3.56875	-0.981955	-0.655299	0.234609
3.59375	-0.976212	-0.652906	0.230818
3.61875	-0.967783	-0.650033	0.226073
3.64375	-0.967783	-0.650033	0.226073
3.66875	-0.958569	-0.646138	0.224319
3.69375	-0.948334	-0.644059	0.226301
3.71875	-0.935343	-0.643487	0.229838
3.74375	-0.925599	-0.6494	0.230046
3.76875	-0.923362	-0.655752	0.238254
3.79375	-0.928566	-0.659181	0.253635
3.81875	-0.937274	-0.672007	0.267596
3.84375	-0.937274	-0.672007	0.267596
3.86875	-0.950473	-0.69527	0.278142
3.89375	-0.972304	-0.729166	0.277105
3.91875	-0.997777	-0.765875	0.258964
3.94375	-1.03385	-0.78596	0.235592
3.96875	-1.03385	-0.78596	0.235592
3.99375	-1.07674	-0.801604	0.200652
4.01875	-1.12377	-0.817677	0.156351
4.04375	-1.12377	-0.817677	0.156351
4.06875	-1.17284	-0.837845	0.120986
4.09375	-1.18614	-0.873567	0.131235
4.11875	-1.18788	-0.909604	0.146148
4.14375	-1.18788	-0.909604	0.146148
4.16875	-1.1846	-0.91528	0.171715
4.19375	-1.18362	-0.910132	0.186795
4.21875	-1.17953	-0.901632	0.191033
4.24375	-1.17841	-0.899405	0.195036
4.26875	-1.17938	-0.898313	0.209644
4.29375	-1.18092	-0.899334	0.231776
4.31875	-1.18092	-0.899334	0.231776
4.34375	-1.1805	-0.898551	0.237375
4.36875	-1.17733	-0.896722	0.236399
4.39375	-1.17068	-0.893727	0.234698
4.41875	-1.17068	-0.893727	0.234698
4.44375	-1.16136	-0.888211	0.231402
4.46875	-1.16136	-0.888211	0.231402
4.49375	-1.14946	-0.884949	0.232612
4.51875	-1.14946	-0.884949	0.232612
4.54375	-1.15397	-0.893739	0.238717
4.56875	-1.16387	-0.908945	0.245028
4.59375	-1.18077	-0.929941	0.25191
4.61875	-1.24341	-0.981638	0.25422
4.64375	-1.28778	-1.01981	0.238715
4.66875	-1.33428	-1.05166	0.206513
4.69375	-1.38786	-1.06879	0.164278
4.71875	-1.44341	-1.07362	0.125041
4.74375	-1.45149	-1.08668	0.127313
4.76875	-1.45974	-1.10037	0.127017
4.79375	-1.45974	-1.10037	0.127017
4.81875	-1.46927	-1.11442	0.126261
4.84375	-1.47091	-1.12338	0.134195
4.86875	-1.45758	-1.12394	0.147946
4.89375	-1.44834	-1.11712	0.162046
4.91875	-1.44597	-1.10444	0.175903
4.94375	-1.44597	-1.10444	0.175903
4.96875	-1.44341	-1.08826	0.18997
4.99375	-1.44366	-1.08199	0.204592
5.01875	-1.44383	-1.08138	0.222954
5.04375	-1.44399	-1.08151	0.234244
5.06875	-1.44399	-1.08151	0.234244
5.09375	-1.44151	-1.07951	0.234973
5.11875	-1.44151	-1.07951	0.234973
5.14375	-1.44151	-1.07951	0.234973
5.16875	-1.42554	-1.07231	0.23093
5.19375	-1.41082	-1.06829	0.230026
5.21875	-1.41082	-1.06829	0.230026
5.24375	-1.3939	-1.06619	0.228595
5.26875	-1.38361	-1.0723	0.231584
5.29375	-1.38069	-1.07998	0.24083
5.31875	-1.38069	-1.07998	0.24083
5.34375	-1.38158	-1.0878	0.251317
5.36875	-1.38626	-1.09895	0.260032
5.39375	-1.39775	-1.11642	0.264498
5.41875	-1.41497	-1.14599	0.270436
5.44375	-1.43764	-1.18713	0.270305
5.46875	-1.43764	-1.18713	0.270305
5.49375	-1.46175	-1.23393	0.254452
5.51875	-1.48963	-1.27685	0.223356
5.54375	-1.53752	-1.29986	0.194623
5.56875	-1.59427	-1.31895	0.149031
5.59375	-1.63122	-1.34527	0.127148
5.61875	-1.63286	-1.3841	0.139245
5.64375	-1.6349	-1.39676	0.165856
5.66875	-1.63893	-1.39669	0.191305
5.69375	-1.6419	-1.39305	0.197825
5.71875	-1.6419	-1.39305	0.197825
5.74375	-1.64274	-1.3848	0.205391
5.76875	-1.64274	-1.3848	0.205391
5.79375	-1.63725	-1.38517	0.237004
5.81875	-1.63213	-1.38351	0.235779
5.84375	-1.63213	-1.38351	0.235779
5.86875	-1.61375	-1.37388	0.231536
5.89375	-1.58757	-1.36431	0.228163
5.91875	-1.58757	-1.36431	0.228163
5.94375	-1.57946	-1.36727	0.226113
5.96875	-1.57946	-1.36727	0.226113
5.99375	-1.5715	-1.37363	0.22877
