1.01875	1.86265e-08	3.72529e-08	0.24425
1.04375	1.86265e-08	3.72529e-08	0.24425
1.06875	0.106118	0.00191507	0.134542
1.09375	0.109269	0.00320904	0.169556
1.11875	0.109269	0.00320904	0.169556
1.14375	0.110927	0.00630714	0.191239
1.16875	0.110927	0.00630714	0.191239
1.19375	0.111748	0.0078691	0.194562
1.21875	0.111267	0.00844097	0.196663
1.24375	0.111262	0.00968898	0.207538
1.26875	0.111939	0.0128918	0.223151
1.29375	0.111939	0.0128918	0.223151
1.31875	0.111827	0.014957	0.235951
1.34375	0.111827	0.014957	0.235951
1.36875	0.111281	0.0173477	0.235727
1.39375	0.110867	0.0204919	0.233677
1.41875	0.110867	0.0204919	0.233677
1.44375	0.124774	0.0262026	0.241025
1.46875	0.157594	0.031392	0.237116
1.49375	0.195512	0.0306325	0.219784
1.51875	0.210961	0.0174424	0.206531
1.54375	0.216799	0.0170521	0.203638
1.56875	0.216799	0.0170521	0.203638
1.59375	0.215865	0.01734	0.202364
1.61875	0.215578	0.0153276	0.187107
1.64375	0.215294	0.0112483	0.151485
1.66875	0.213783	0.0135484	0.120918
1.69375	0.213783	0.0135484	0.120918
1.71875	0.213783	0.0135484	0.120918
1.74375	0.210111	0.0177428	0.117142
1.76875	0.209176	0.0180027	0.119463
1.79375	0.209176	0.0180027	0.119463
1.81875	0.214164	0.0172986	0.17883
1.84375	0.214674	0.0192665	0.192533
1.86875	0.214991	0.0201279	0.194796
1.89375	0.214991	0.0201279	0.194796
1.91875	0.214693	0.020732	0.19781
1.94375	0.214779	0.0205576	0.198944
1.96875	0.215262	0.0215939	0.202639
1.99375	0.215262	0.0215939	0.202639
2.01875	0.215798	0.0242186	0.231097
2.04375	0.215292	0.0268664	0.236611
2.06875	0.214316	0.029261	0.233967
2.09375	0.214316	0.029261	0.233967
2.11875	0.212286	0.0323349	0.232648
2.14375	0.212286	0.0323349	0.232648
2.16875	0.263828	0.0376453	0.240638
2.19375	0.307301	0.0452244	0.222466
2.21875	0.32826	0.0370331	0.212681
2.24375	0.32826	0.0370331	0.212681
2.26875	0.33526	0.0372522	0.204536
2.29375	0.335454	0.0369471	0.203221
2.31875	0.335541	0.0367996	0.202288
2.34375	0.335541	0.0367996	0.202288
2.36875	0.335541	0.0367996	0.202288
2.39375	0.33593	0.0320819	0.192487
2.41875	0.33593	0.0320819	0.192487
2.44375	0.334968	0.0256405	0.133911
2.46875	0.331947	0.0335208	0.115642
2.49375	0.331947	0.0335208	0.115642
2.51875	0.329374	0.0338684	0.11683
2.54375	0.330767	0.0258924	0.124388
2.56875	0.334559	0.0267526	0.151409
2.59375	0.334559	0.0267526	0.151409
2.61875	0.33535	0.0279781	0.183154
2.64375	0.335511	0.0295092	0.192531
2.66875	0.335587	0.0303788	0.195144
2.69375	0.335587	0.0303788	0.195144
2.71875	0.335252	0.0298821	0.197473
2.74375	0.335252	0.0298821	0.197473
2.76875	0.33521	0.0301712	0.199178
2.79375	0.335739	0.0325738	0.226036
2.81875	0.336062	0.0346201	0.233202
2.84375	0.335559	0.0358428	0.234068
2.86875	0.334452	0.0371009	0.232226
2.89375	0.334777	0.0376566	0.236477
2.91875	0.334777	0.0376566	0.236477
2.94375	0.395581	0.0540121	0.230222
2.96875	0.398397	0.0411253	0.217894
2.99375	0.398785	0.0268719	0.207592
3.01875	0.398208	0.0285279	0.204477
3.04375	0.398208	0.0285279	0.204477
3.06875	0.398166	0.0283072	0.202308
3.09375	0.398079	0.0285285	0.201603
3.11875	0.398766	0.0259685	0.183107
3.14375	0.399715	0.0223293	0.142748
3.16875	0.399715	0.0223293	0.142748
3.19375	0.399715	0.0223293	0.142748
3.21875	0.390785	0.027349	0.11865
3.24375	0.391718	0.0281166	0.118535
3.26875	0.391718	0.0281166	0.118535
3.29375	0.398828	0.0213928	0.13565
3.31875	0.397773	0.0237173	0.184542
3.34375	0.39815	0.024571	0.189896
3.36875	0.39815	0.024571	0.189896
3.39375	0.397902	0.0255913	0.194847
3.41875	0.397902	0.0255913	0.194847
3.44375	0.398409	0.0257711	0.197359
3.46875	0.398409	0.0257711	0.197359
3.49375	0.39806	0.025974	0.198273
3.51875	0.39806	0.025974	0.198273
3.54375	0.39814	0.0289782	0.225051
3.56875	0.39814	0.0289782	0.225051
3.59375	0.397464	0.0299428	0.23684
3.61875	0.397464	0.0299428	0.23684
3.64375	0.397464	0.0299428	0.23684
3.66875	0.394479	0.0314017	0.231299
3.69375	0.401419	0.0268921	0.238601
3.71875	0.422459	0.0309163	0.239968
3.74375	0.459053	0.045765	0.235333
3.76875	0.502898	0.0654019	0.213302
3.79375	0.517589	0.0747536	0.205136
3.81875	0.517427	0.0739538	0.202636
3.84375	0.517481	0.0739774	0.201612
3.86875	0.517857	0.0730772	0.186111
3.89375	0.519078	0.0703807	0.148657
3.91875	0.515975	0.0732425	0.119667
3.94375	0.515975	0.0732425	0.119667
3.96875	0.512244	0.0749898	0.117819
3.99375	0.510055	0.0739112	0.119091
4.01875	0.510807	0.0720221	0.121883
4.04375	0.517763	0.0683607	0.128983
4.06875	0.517675	0.0716739	0.158634
4.09375	0.517294	0.0736613	0.185361
4.11875	0.517783	0.0754176	0.191379
4.14375	0.517919	0.0759426	0.194321
4.16875	0.517919	0.0759426	0.194321
4.19375	0.517502	0.0760356	0.198222
4.21875	0.517814	0.0758089	0.198754
4.24375	0.517814	0.0758089	0.198754
4.26875	0.51908	0.0781888	0.208233
4.29375	0.521774	0.0779816	0.229102
4.31875	0.522233	0.0765485	0.232648
4.34375	0.522999	0.0754081	0.229895
4.36875	0.522999	0.0754081	0.229895
4.39375	0.526565	0.0698851	0.229267
4.41875	0.527991	0.0705258	0.238217
4.44375	0.522812	0.0856922	0.245832
4.46875	0.522812	0.0856922	0.245832
4.49375	0.482982	0.147208	0.230435
4.51875	0.466495	0.181947	0.20494
4.54375	0.466663	0.180729	0.203634
4.56875	0.466636	0.180736	0.202772
4.59375	0.466615	0.180736	0.201882
4.61875	0.466615	0.180736	0.201882
4.64375	0.470951	0.174991	0.165573
4.66875	0.470951	0.174991	0.165573
4.69375	0.470601	0.175042	0.125473
4.71875	0.463279	0.179979	0.116651
4.74375	0.460543	0.17826	0.119134
4.76875	0.460543	0.17826	0.119134
4.79375	0.461919	0.178952	0.119633
4.81875	0.467506	0.174573	0.124463
4.84375	0.467506	0.174573	0.124463
4.86875	0.467659	0.177517	0.149916
4.89375	0.467659	0.177517	0.149916
4.91875	0.467113	0.179742	0.182983
4.94375	0.467113	0.179742	0.182983
4.96875	0.466842	0.181423	0.193723
4.99375	0.467055	0.181626	0.1976
5.01875	0.466802	0.181934	0.204684
5.04375	0.466802	0.181934	0.204684
5.06875	0.466344	0.182578	0.225241
5.09375	0.465476	0.182261	0.235233
5.11875	0.464711	0.182169	0.235304
5.14375	0.464213	0.182547	0.232373
5.16875	0.463047	0.182386	0.23244
5.19375	0.461148	0.181398	0.23686
5.21875	0.461148	0.181398	0.23686
5.24375	0.461148	0.181398	0.23686
5.26875	0.466227	0.192594	0.236835
5.29375	0.487839	0.219748	0.231181
5.31875	0.51122	0.2501	0.217173
5.34375	0.51122	0.2501	0.217173
5.36875	0.525195	0.268865	0.208063
5.39375	0.531096	0.272469	0.202477
5.41875	0.531096	0.272469	0.202477
5.44375	0.533817	0.271203	0.182181
5.46875	0.534533	0.271664	0.138062
5.49375	0.534533	0.271664	0.138062
5.51875	0.529337	0.274335	0.117797
5.54375	0.527314	0.271745	0.119986
5.56875	0.531289	0.266805	0.125886
5.59375	0.535957	0.270214	0.141452
5.61875	0.535957	0.270214	0.141452
5.64375	0.532764	0.278278	0.190721
5.66875	0.531658	0.27939	0.19463
5.69375	0.531658	0.27939	0.19463
5.71875	0.531193	0.278897	0.19675
5.74375	0.530791	0.279207	0.197658
5.76875	0.530791	0.279207	0.197658
5.79375	0.53152	0.278936	0.204612
5.81875	0.53152	0.278936	0.204612
5.84375	0.531316	0.279758	0.221252
5.86875	0.530882	0.279387	0.232799
5.89375	0.530882	0.279387	0.232799
5.91875	0.530027	0.278387	0.232716
5.94375	0.530027	0.278387	0.232716
5.96875	0.528468	0.277009	0.236722
5.99375	0.528468	0.277009	0.236722
