1.01875	1.86265e-08	3.72529e-08	0.24425
1.04375	1.86265e-08	3.72529e-08	0.24425
1.06875	-0.315549	-0.121708	0.159371
1.09375	-0.311468	-0.113124	0.173031
1.11875	-0.305029	-0.105417	0.18072
1.14375	-0.297005	-0.10026	0.18398
1.16875	-0.297005	-0.10026	0.18398
1.19375	-0.296535	-0.0998976	0.192469
1.21875	-0.296535	-0.0998976	0.192469
1.24375	-0.296284	-0.096709	0.19907
1.26875	-0.294672	-0.0953409	0.208295
1.29375	-0.294672	-0.0953409	0.208295
1.31875	-0.293546	-0.0952983	0.223092
1.34375	-0.289014	-0.0933997	0.233099
1.36875	-0.281943	-0.0896944	0.230844
1.39375	-0.281943	-0.0896944	0.230844
1.41875	-0.26853	-0.0830935	0.23352
1.44375	-0.257459	-0.0757745	0.237166
1.46875	-0.257459	-0.0757745	0.237166
1.49375	-0.258701	-0.0698026	0.247426
1.51875	-0.265584	-0.0736264	0.258019
1.54375	-0.265584	-0.0736264	0.258019
1.56875	-0.278346	-0.0868578	0.265731
1.59375	-0.297955	-0.11076	0.270298
1.61875	-0.327975	-0.148579	0.270077
1.64375	-0.359692	-0.189818	0.249979
1.66875	-0.434073	-0.258943	0.160177
1.69375	-0.48393	-0.264711	0.122778
1.71875	-0.494034	-0.282743	0.126471
1.74375	-0.494034	-0.282743	0.126471
1.76875	-0.494034	-0.282743	0.126471
1.79375	-0.512943	-0.311801	0.129707
1.81875	-0.503861	-0.313868	0.141748
1.84375	-0.503861	-0.313868	0.141748
1.86875	-0.503861	-0.313868	0.141748
1.89375	-0.49431	-0.285782	0.174196
1.91875	-0.491328	-0.277299	0.185119
1.94375	-0.491557	-0.27624	0.195107
1.96875	-0.488839	-0.273252	0.203602
1.99375	-0.488839	-0.273252	0.203602
2.01875	-0.484424	-0.272405	0.232452
2.04375	-0.472886	-0.267245	0.230447
2.06875	-0.463466	-0.264633	0.226405
2.09375	-0.463466	-0.264633	0.226405
2.11875	-0.441439	-0.259367	0.225844
2.14375	-0.409066	-0.260822	0.22871
2.16875	-0.409066	-0.260822	0.22871
2.19375	-0.396295	-0.264406	0.242743
2.21875	-0.397075	-0.269176	0.253607
2.24375	-0.400599	-0.282282	0.26469
2.26875	-0.407252	-0.304662	0.2752
2.29375	-0.432918	-0.376497	0.286483
2.31875	-0.453397	-0.398285	0.290383
2.34375	-0.453397	-0.398285	0.290383
2.36875	-0.482116	-0.40498	0.285364
2.39375	-0.517966	-0.403542	0.267264
2.41875	-0.517966	-0.403542	0.267264
2.44375	-0.55671	-0.400774	0.23193
2.46875	-0.599012	-0.393896	0.182484
2.49375	-0.651399	-0.390572	0.134245
2.51875	-0.651399	-0.390572	0.134245
2.54375	-0.674287	-0.419438	0.120825
2.56875	-0.685098	-0.452122	0.1305
2.59375	-0.682241	-0.455179	0.155397
2.61875	-0.681727	-0.450389	0.180199
2.64375	-0.681727	-0.450389	0.180199
2.66875	-0.680305	-0.444104	0.191091
2.69375	-0.680305	-0.444104	0.191091
2.71875	-0.679149	-0.441073	0.193315
2.74375	-0.677075	-0.439316	0.195953
2.76875	-0.677075	-0.439316	0.195953
2.79375	-0.675981	-0.439387	0.208134
2.81875	-0.675042	-0.439618	0.227108
2.84375	-0.671791	-0.438256	0.234684
2.86875	-0.665495	-0.435934	0.232402
2.89375	-0.665495	-0.435934	0.232402
2.91875	-0.653687	-0.431847	0.232205
2.94375	-0.623727	-0.426144	0.236831
2.96875	-0.617828	-0.427008	0.240433
2.99375	-0.618226	-0.428483	0.247006
3.01875	-0.622577	-0.437368	0.253379
3.04375	-0.631437	-0.453717	0.258756
3.06875	-0.64613	-0.47661	0.262757
3.09375	-0.668822	-0.503847	0.265442
3.11875	-0.668822	-0.503847	0.265442
3.14375	-0.700673	-0.542731	0.261718
3.16875	-0.735854	-0.587042	0.241316
3.19375	-0.735854	-0.587042	0.241316
3.21875	-0.735854	-0.587042	0.241316
3.24375	-0.830763	-0.643767	0.16728
3.26875	-0.891896	-0.653106	0.123024
3.29375	-0.897496	-0.668028	0.129415
3.31875	-0.897496	-0.668028	0.129415
3.34375	-0.898914	-0.688408	0.141385
3.36875	-0.898914	-0.688408	0.141385
3.39375	-0.906573	-0.696506	0.161226
3.41875	-0.906573	-0.696506	0.161226
3.44375	-0.911068	-0.69287	0.183464
3.46875	-0.915047	-0.688498	0.193075
3.49375	-0.915047	-0.688498	0.193075
3.51875	-0.916855	-0.688489	0.20182
3.54375	-0.916427	-0.688051	0.218733
3.56875	-0.915711	-0.688788	0.235713
3.59375	-0.912681	-0.688165	0.236434
3.61875	-0.905742	-0.686036	0.235333
3.64375	-0.894526	-0.681829	0.233773
3.66875	-0.879592	-0.676295	0.238721
3.69375	-0.879592	-0.676295	0.238721
3.71875	-0.868801	-0.676238	0.239263
3.74375	-0.868801	-0.676238	0.239263
3.76875	-0.863063	-0.682145	0.236982
3.79375	-0.868932	-0.689656	0.243952
3.81875	-0.868932	-0.689656	0.243952
3.84375	-0.879989	-0.69517	0.247331
3.86875	-0.898079	-0.705151	0.248512
3.89375	-0.925537	-0.724542	0.247323
3.91875	-1.00689	-0.796073	0.229536
3.94375	-1.05033	-0.83699	0.191517
3.96875	-1.10255	-0.864251	0.146741
3.99375	-1.10255	-0.864251	0.146741
4.01875	-1.13635	-0.884826	0.126295
4.04375	-1.14294	-0.902363	0.138071
4.06875	-1.13807	-0.901898	0.154032
4.09375	-1.13807	-0.901898	0.154032
4.11875	-1.13265	-0.878967	0.178249
4.14375	-1.12703	-0.869697	0.183472
4.16875	-1.1225	-0.8633	0.186242
4.19375	-1.12649	-0.870091	0.194727
4.21875	-1.12639	-0.867672	0.199749
4.24375	-1.12639	-0.867672	0.199749
4.26875	-1.12577	-0.864687	0.216119
4.29375	-1.12517	-0.867625	0.225918
4.31875	-1.11815	-0.869155	0.228964
4.34375	-1.11211	-0.867433	0.227243
4.36875	-1.11211	-0.867433	0.227243
4.39375	-1.09594	-0.857964	0.226459
4.41875	-1.09594	-0.857964	0.226459
4.44375	-1.06699	-0.850732	0.232228
4.46875	-1.05903	-0.854612	0.230062
4.49375	-1.06116	-0.853033	0.239031
4.51875	-1.06798	-0.854053	0.24835
4.54375	-1.0963	-0.881249	0.268921
4.56875	-1.11974	-0.907642	0.274974
4.59375	-1.11974	-0.907642	0.274974
4.61875	-1.15104	-0.942887	0.273558
4.64375	-1.28017	-1.02028	0.18257
4.66875	-1.33887	-1.02458	0.12434
4.69375	-1.353	-1.04235	0.127795
4.71875	-1.36703	-1.06012	0.127221
4.74375	-1.37996	-1.07838	0.12571
4.76875	-1.38651	-1.08559	0.130144
4.79375	-1.38219	-1.08644	0.135104
4.81875	-1.38219	-1.08644	0.135104
4.84375	-1.36898	-1.08449	0.146501
4.86875	-1.36898	-1.08449	0.146501
4.89375	-1.36488	-1.07115	0.164662
4.91875	-1.36488	-1.07115	0.164662
4.94375	-1.35933	-1.05523	0.176663
4.96875	-1.35763	-1.05015	0.187929
4.99375	-1.35763	-1.05015	0.187929
5.01875	-1.35636	-1.04739	0.196721
5.04375	-1.35636	-1.04739	0.196721
5.06875	-1.35308	-1.04357	0.210715
5.09375	-1.35032	-1.04133	0.229188
5.11875	-1.35032	-1.04133	0.229188
5.14375	-1.34781	-1.03944	0.23501
5.16875	-1.34104	-1.03464	0.233751
5.19375	-1.34104	-1.03464	0.233751
5.21875	-1.34104	-1.03464	0.233751
5.24375	-1.32909	-1.0277	0.242394
5.26875	-1.32156	-1.0247	0.246632
5.29375	-1.32138	-1.0297	0.249609
5.31875	-1.32858	-1.04341	0.252358
5.34375	-1.34471	-1.06353	0.256001
5.36875	-1.36992	-1.08544	0.257642
5.39375	-1.40636	-1.11302	0.254714
5.41875	-1.4465	-1.1437	0.23095
5.44375	-1.48828	-1.17181	0.185631
5.46875	-1.54237	-1.17663	0.136105
5.49375	-1.56203	-1.18617	0.126087
5.51875	-1.57079	-1.19672	0.126426
5.54375	-1.5803	-1.20856	0.125425
5.56875	-1.58788	-1.2209	0.130381
5.59375	-1.58788	-1.2209	0.130381
5.61875	-1.57949	-1.2241	0.145098
5.64375	-1.57303	-1.21485	0.158896
5.66875	-1.5668	-1.19949	0.171216
5.69375	-1.5646	-1.19067	0.189508
5.71875	-1.5646	-1.19067	0.189508
5.74375	-1.56389	-1.18609	0.199513
5.76875	-1.56389	-1.18609	0.199513
5.79375	-1.56215	-1.1836	0.209494
5.81875	-1.55797	-1.1809	0.231351
5.84375	-1.5521	-1.17718	0.229709
5.86875	-1.54411	-1.17176	0.226413
5.89375	-1.54411	-1.17176	0.226413
5.91875	-1.53513	-1.16483	0.225159
5.94375	-1.52319	-1.15872	0.226322
5.96875	-1.52319	-1.15872	0.226322
5.99375	-1.508	-1.15386	0.232942
