1.01875	1.86265e-08	3.72529e-08	0.24425
1.04375	1.86265e-08	3.72529e-08	0.24425
1.06875	-0.213442	-0.0518689	0.17755
1.09375	-0.252314	-0.0644571	0.171757
1.11875	-0.252314	-0.0644571	0.171757
1.14375	-0.253645	-0.0595798	0.199342
1.16875	-0.255246	-0.0549906	0.207543
1.19375	-0.255246	-0.0549906	0.207543
1.21875	-0.254833	-0.0503358	0.210631
1.24375	-0.252839	-0.0479435	0.214674
1.26875	-0.249796	-0.0483226	0.223291
1.29375	-0.246599	-0.0489382	0.230043
1.31875	-0.240781	-0.0483804	0.228715
1.34375	-0.240781	-0.0483804	0.228715
1.36875	-0.236102	-0.045407	0.227029
1.39375	-0.219691	-0.0323352	0.232513
1.41875	-0.223533	-0.0238612	0.241989
1.44375	-0.23545	-0.0235602	0.252196
1.46875	-0.23545	-0.0235602	0.252196
1.49375	-0.23545	-0.0235602	0.252196
1.51875	-0.23545	-0.0235602	0.252196
1.54375	-0.368361	-0.102997	0.259747
1.56875	-0.368361	-0.102997	0.259747
1.59375	-0.462329	-0.152147	0.167605
1.61875	-0.490349	-0.178272	0.133684
1.64375	-0.503628	-0.182489	0.130666
1.66875	-0.50467	-0.179737	0.127715
1.69375	-0.503548	-0.176857	0.125944
1.71875	-0.501576	-0.175367	0.126024
1.74375	-0.497142	-0.175741	0.130412
1.76875	-0.497142	-0.175741	0.130412
1.79375	-0.484051	-0.178772	0.152546
1.81875	-0.477655	-0.168612	0.167204
1.84375	-0.469973	-0.159814	0.174423
1.86875	-0.471095	-0.159391	0.185733
1.89375	-0.473541	-0.158004	0.195468
1.91875	-0.475552	-0.155261	0.203282
1.94375	-0.475552	-0.155261	0.203282
1.96875	-0.474423	-0.147017	0.21288
1.99375	-0.468896	-0.145894	0.212919
2.01875	-0.468896	-0.145894	0.212919
2.04375	-0.465304	-0.1457	0.217182
2.06875	-0.448965	-0.139617	0.22646
2.09375	-0.448965	-0.139617	0.22646
2.11875	-0.425127	-0.124359	0.226821
2.14375	-0.408051	-0.1166	0.231327
2.16875	-0.408051	-0.1166	0.231327
2.19375	-0.395252	-0.113207	0.233942
2.21875	-0.392181	-0.107058	0.243386
2.24375	-0.392893	-0.10747	0.25212
2.26875	-0.396759	-0.115053	0.259608
2.29375	-0.403958	-0.131111	0.266549
2.31875	-0.415431	-0.156921	0.272871
2.34375	-0.432269	-0.194373	0.277475
2.36875	-0.432269	-0.194373	0.277475
2.39375	-0.483901	-0.291158	0.246842
2.41875	-0.483901	-0.291158	0.246842
2.44375	-0.575763	-0.326546	0.195354
2.46875	-0.575763	-0.326546	0.195354
2.49375	-0.631472	-0.3386	0.148284
2.51875	-0.664101	-0.365031	0.120056
2.54375	-0.676414	-0.399143	0.125795
2.56875	-0.672109	-0.421274	0.14787
2.59375	-0.66899	-0.419352	0.176717
2.61875	-0.667152	-0.413873	0.18826
2.64375	-0.664483	-0.409688	0.191654
2.66875	-0.664483	-0.409688	0.191654
2.69375	-0.6644	-0.40814	0.199947
2.71875	-0.6644	-0.40814	0.199947
2.74375	-0.665686	-0.406575	0.206647
2.76875	-0.664255	-0.404434	0.211063
2.79375	-0.664255	-0.404434	0.211063
2.81875	-0.660708	-0.40248	0.224678
2.84375	-0.657378	-0.403209	0.232401
2.86875	-0.657378	-0.403209	0.232401
2.89375	-0.651257	-0.402458	0.231704
2.91875	-0.635987	-0.394213	0.236684
2.94375	-0.619252	-0.386469	0.243212
2.96875	-0.608568	-0.386433	0.245043
2.99375	-0.608568	-0.386433	0.245043
3.01875	-0.604749	-0.392754	0.245024
3.04375	-0.609979	-0.398437	0.248361
3.06875	-0.609979	-0.398437	0.248361
3.09375	-0.622352	-0.409603	0.248915
3.11875	-0.643457	-0.431943	0.246627
3.14375	-0.643457	-0.431943	0.246627
3.16875	-0.67449	-0.468398	0.241266
3.19375	-0.67449	-0.468398	0.241266
3.21875	-0.712277	-0.515027	0.225158
3.24375	-0.712277	-0.515027	0.225158
3.26875	-0.750152	-0.56233	0.187543
3.29375	-0.750152	-0.56233	0.187543
3.31875	-0.806612	-0.584785	0.15462
3.34375	-0.806612	-0.584785	0.15462
3.36875	-0.844064	-0.605635	0.119655
3.39375	-0.844101	-0.600542	0.131269
3.41875	-0.844101	-0.600542	0.131269
3.44375	-0.841833	-0.598082	0.170497
3.46875	-0.841833	-0.598082	0.170497
3.49375	-0.841725	-0.596338	0.211578
3.51875	-0.841725	-0.596338	0.211578
3.54375	-0.840556	-0.592407	0.238625
3.56875	-0.836422	-0.585828	0.249353
3.59375	-0.830934	-0.579314	0.240839
3.61875	-0.822234	-0.569717	0.235474
3.64375	-0.813443	-0.561126	0.233186
3.66875	-0.80147	-0.554132	0.235138
3.69375	-0.80147	-0.554132	0.235138
3.71875	-0.792875	-0.549376	0.2334
3.74375	-0.792875	-0.549376	0.2334
3.76875	-0.791735	-0.549978	0.236908
3.79375	-0.797433	-0.55519	0.244551
3.81875	-0.808997	-0.564105	0.250023
3.84375	-0.827954	-0.577318	0.252529
3.86875	-0.857971	-0.597392	0.254284
3.89375	-0.900339	-0.624212	0.255429
3.91875	-0.951656	-0.655314	0.245917
3.94375	-0.951656	-0.655314	0.245917
3.96875	-1.00389	-0.686208	0.213859
3.99375	-1.05891	-0.695324	0.176319
4.01875	-1.11645	-0.677016	0.137308
4.04375	-1.11645	-0.677016	0.137308
4.06875	-1.13683	-0.693243	0.144577
4.09375	-1.13261	-0.689979	0.166001
4.11875	-1.12723	-0.685993	0.179148
4.14375	-1.12723	-0.685993	0.179148
4.16875	-1.12445	-0.684351	0.187637
4.19375	-1.12445	-0.684351	0.187637
4.21875	-1.12426	-0.681721	0.196806
4.24375	-1.12343	-0.675338	0.203877
4.26875	-1.12231	-0.672622	0.211486
4.29375	-1.12231	-0.672622	0.211486
4.31875	-1.12076	-0.67156	0.224803
4.34375	-1.11669	-0.669626	0.231534
4.36875	-1.11086	-0.665254	0.227725
4.39375	-1.10651	-0.65961	0.225709
4.41875	-1.09928	-0.650874	0.231986
4.44375	-1.09573	-0.647968	0.234439
4.46875	-1.09573	-0.647968	0.234439
4.49375	-1.09875	-0.65478	0.234676
4.51875	-1.09875	-0.65478	0.234676
4.54375	-1.1086	-0.669958	0.230623
4.56875	-1.13013	-0.691366	0.227063
4.59375	-1.13013	-0.691366	0.227063
4.61875	-1.16149	-0.723876	0.218814
4.64375	-1.20033	-0.766985	0.194484
4.66875	-1.20033	-0.766985	0.194484
4.69375	-1.233	-0.811822	0.147893
4.71875	-1.233	-0.811822	0.147893
4.74375	-1.24945	-0.825281	0.126347
4.76875	-1.24945	-0.825281	0.126347
4.79375	-1.25036	-0.822938	0.125774
4.81875	-1.2415	-0.82298	0.135559
4.84375	-1.2415	-0.82298	0.135559
4.86875	-1.22986	-0.819506	0.151094
4.89375	-1.2287	-0.805539	0.167671
4.91875	-1.22928	-0.796176	0.182204
4.94375	-1.22928	-0.796176	0.182204
4.96875	-1.23339	-0.794657	0.200972
4.99375	-1.23625	-0.793651	0.212142
5.01875	-1.23625	-0.793651	0.212142
5.04375	-1.23206	-0.790999	0.228091
5.06875	-1.23206	-0.790999	0.228091
5.09375	-1.22146	-0.788658	0.226905
5.11875	-1.21262	-0.783903	0.225578
5.14375	-1.20095	-0.779729	0.226325
5.16875	-1.20095	-0.779729	0.226325
5.19375	-1.18441	-0.776152	0.233835
5.21875	-1.17192	-0.777044	0.236254
5.24375	-1.16745	-0.777161	0.242475
5.26875	-1.1682	-0.779204	0.249866
5.29375	-1.17392	-0.788143	0.255624
5.31875	-1.17392	-0.788143	0.255624
5.34375	-1.18496	-0.804767	0.260822
5.36875	-1.20316	-0.832029	0.266324
5.39375	-1.22943	-0.86925	0.265655
5.41875	-1.22943	-0.86925	0.265655
5.44375	-1.26236	-0.907254	0.250853
5.46875	-1.3023	-0.926636	0.23209
5.49375	-1.3495	-0.935737	0.201785
5.51875	-1.40374	-0.940785	0.155261
5.54375	-1.46156	-0.985403	0.127484
5.56875	-1.46012	-1.0121	0.145204
5.59375	-1.45975	-1.01036	0.172702
5.61875	-1.45975	-1.01036	0.172702
5.64375	-1.45986	-1.00568	0.187118
5.66875	-1.45986	-1.00568	0.187118
5.69375	-1.45878	-1.00057	0.191419
5.71875	-1.45737	-0.996094	0.194188
5.74375	-1.45737	-0.996094	0.194188
5.76875	-1.45692	-0.99337	0.196886
5.79375	-1.45692	-0.99337	0.196886
5.81875	-1.45554	-0.992435	0.207921
5.84375	-1.45359	-0.992741	0.22727
5.86875	-1.45359	-0.992741	0.22727
5.89375	-1.451	-0.992943	0.233523
5.91875	-1.44473	-0.991927	0.232673
5.94375	-1.44473	-0.991927	0.232673
5.96875	-1.43282	-0.988557	0.241874
5.99375	-1.43282	-0.988557	0.241874
