1.01875	1.86265e-08	3.72529e-08	0.24425
1.04375	1.86265e-08	3.72529e-08	0.24425
1.06875	-0.305646	-0.0767848	0.126643
1.09375	-0.306258	-0.0815013	0.15123
1.11875	-0.304391	-0.0794991	0.173707
1.14375	-0.304391	-0.0794991	0.173707
1.16875	-0.300716	-0.0754567	0.191185
1.19375	-0.299213	-0.0739067	0.195503
1.21875	-0.299213	-0.0739067	0.195503
1.24375	-0.304697	-0.0762628	0.206071
1.26875	-0.308861	-0.0793966	0.223991
1.29375	-0.308861	-0.0793966	0.223991
1.31875	-0.311788	-0.0825017	0.237498
1.34375	-0.311788	-0.0825017	0.237498
1.36875	-0.311549	-0.0827214	0.236671
1.39375	-0.307583	-0.0792148	0.230894
1.41875	-0.295529	-0.0721347	0.229702
1.44375	-0.295529	-0.0721347	0.229702
1.46875	-0.280121	-0.061577	0.232074
1.49375	-0.280121	-0.061577	0.232074
1.51875	-0.273703	-0.048071	0.241415
1.54375	-0.273703	-0.048071	0.241415
1.56875	-0.270789	-0.0405274	0.251927
1.59375	-0.270789	-0.0405274	0.251927
1.61875	-0.270104	-0.039983	0.258004
1.64375	-0.270457	-0.0637812	0.26935
1.66875	-0.270028	-0.0897199	0.27882
1.69375	-0.268883	-0.126142	0.29035
1.71875	-0.268883	-0.126142	0.29035
1.74375	-0.2672	-0.168658	0.28982
1.76875	-0.26573	-0.213127	0.270711
1.79375	-0.26573	-0.213127	0.270711
1.81875	-0.266071	-0.254114	0.243164
1.84375	-0.291504	-0.274574	0.245745
1.86875	-0.326416	-0.295509	0.23626
1.89375	-0.372616	-0.320831	0.209962
1.91875	-0.372616	-0.320831	0.209962
1.94375	-0.39717	-0.355241	0.185763
1.96875	-0.404634	-0.359411	0.201091
1.99375	-0.408198	-0.364647	0.214268
2.01875	-0.406729	-0.367966	0.23243
2.04375	-0.402904	-0.37038	0.239271
2.06875	-0.386785	-0.368167	0.232167
2.09375	-0.386785	-0.368167	0.232167
2.11875	-0.36292	-0.362682	0.227484
2.14375	-0.36292	-0.362682	0.227484
2.16875	-0.344053	-0.374642	0.229378
2.19375	-0.339678	-0.384405	0.235911
2.21875	-0.342977	-0.391196	0.251527
2.24375	-0.348921	-0.404588	0.266523
2.26875	-0.348921	-0.404588	0.266523
2.29375	-0.367089	-0.461179	0.285262
2.31875	-0.383612	-0.485102	0.285234
2.34375	-0.411858	-0.490437	0.285987
2.36875	-0.489739	-0.488021	0.233641
2.39375	-0.53303	-0.486829	0.178744
2.41875	-0.53303	-0.486829	0.178744
2.44375	-0.584348	-0.48696	0.123106
2.46875	-0.596863	-0.518592	0.124275
2.49375	-0.596863	-0.518592	0.124275
2.51875	-0.609867	-0.548486	0.124611
2.54375	-0.609867	-0.548486	0.124611
2.56875	-0.617778	-0.563378	0.133823
2.59375	-0.612844	-0.56277	0.147314
2.61875	-0.612844	-0.56277	0.147314
2.64375	-0.609988	-0.551277	0.159298
2.66875	-0.606988	-0.533601	0.172769
2.69375	-0.606988	-0.533601	0.172769
2.71875	-0.607922	-0.524038	0.185232
2.74375	-0.611528	-0.522509	0.198288
2.76875	-0.611528	-0.522509	0.198288
2.79375	-0.612802	-0.521236	0.214552
2.81875	-0.614136	-0.521852	0.233943
2.84375	-0.613588	-0.520508	0.236155
2.86875	-0.610534	-0.518238	0.236642
2.89375	-0.610534	-0.518238	0.236642
2.91875	-0.602702	-0.513495	0.235064
2.94375	-0.602702	-0.513495	0.235064
2.96875	-0.588521	-0.503881	0.23867
2.99375	-0.576752	-0.495367	0.236268
3.01875	-0.576752	-0.495367	0.236268
3.04375	-0.570523	-0.492961	0.234733
3.06875	-0.571482	-0.49834	0.238516
3.09375	-0.571482	-0.49834	0.238516
3.11875	-0.580466	-0.509282	0.24322
3.14375	-0.596368	-0.528202	0.249821
3.16875	-0.596368	-0.528202	0.249821
3.19375	-0.620116	-0.552944	0.253371
3.21875	-0.653274	-0.587708	0.255523
3.24375	-0.653274	-0.587708	0.255523
3.26875	-0.693829	-0.629684	0.247628
3.29375	-0.693829	-0.629684	0.247628
3.31875	-0.737324	-0.66337	0.226291
3.34375	-0.784245	-0.666512	0.215058
3.36875	-0.784245	-0.666512	0.215058
3.39375	-0.840193	-0.663059	0.182898
3.41875	-0.840193	-0.663059	0.182898
3.44375	-0.873319	-0.680592	0.155342
3.46875	-0.879852	-0.678721	0.171472
3.49375	-0.882764	-0.674099	0.195869
3.51875	-0.886401	-0.672379	0.214744
3.54375	-0.886401	-0.672379	0.214744
3.56875	-0.885355	-0.663305	0.237522
3.59375	-0.885355	-0.663305	0.237522
3.61875	-0.880754	-0.655633	0.232452
3.64375	-0.872703	-0.648311	0.228862
3.66875	-0.860617	-0.642276	0.230482
3.69375	-0.860617	-0.642276	0.230482
3.71875	-0.851058	-0.642649	0.230006
3.74375	-0.847602	-0.645201	0.233916
3.76875	-0.853038	-0.644638	0.24444
3.79375	-0.853038	-0.644638	0.24444
3.81875	-0.860192	-0.651271	0.254712
3.84375	-0.860192	-0.651271	0.254712
3.86875	-0.87058	-0.665441	0.259528
3.89375	-0.885536	-0.688777	0.260907
3.91875	-0.885536	-0.688777	0.260907
3.94375	-0.904459	-0.726584	0.2634
3.96875	-0.927558	-0.776637	0.259097
3.99375	-0.950509	-0.82865	0.234799
4.01875	-0.950509	-0.82865	0.234799
4.04375	-0.977644	-0.877538	0.193575
4.06875	-1.02997	-0.903398	0.156637
4.09375	-1.02997	-0.903398	0.156637
4.11875	-1.07289	-0.925715	0.120546
4.14375	-1.07985	-0.932435	0.121938
4.16875	-1.07471	-0.926934	0.144355
4.19375	-1.07471	-0.926934	0.144355
4.21875	-1.07472	-0.925882	0.178857
4.24375	-1.07472	-0.925882	0.178857
4.26875	-1.077	-0.927798	0.207404
4.29375	-1.07606	-0.927911	0.227359
4.31875	-1.07606	-0.927911	0.227359
4.34375	-1.07311	-0.926942	0.243469
4.36875	-1.0675	-0.923862	0.241218
4.39375	-1.0675	-0.923862	0.241218
4.41875	-1.05889	-0.919742	0.236238
4.44375	-1.04597	-0.912688	0.233151
4.46875	-1.04597	-0.912688	0.233151
4.49375	-1.03134	-0.902846	0.231349
4.51875	-1.02135	-0.900658	0.232137
4.54375	-1.01833	-0.906791	0.236861
4.56875	-1.01932	-0.919798	0.241714
4.59375	-1.02419	-0.937849	0.240848
4.61875	-1.03709	-0.955623	0.243406
4.64375	-1.03709	-0.955623	0.243406
4.66875	-1.11155	-1.06654	0.238258
4.69375	-1.11155	-1.06654	0.238258
4.71875	-1.19881	-1.11585	0.190157
4.74375	-1.19881	-1.11585	0.190157
4.76875	-1.28243	-1.15039	0.125323
4.79375	-1.28663	-1.1666	0.125945
4.81875	-1.2911	-1.18227	0.130091
4.84375	-1.28401	-1.1838	0.144034
4.86875	-1.27809	-1.17548	0.15552
4.89375	-1.27726	-1.15994	0.169749
4.91875	-1.27726	-1.15994	0.169749
4.94375	-1.27396	-1.14513	0.178041
4.96875	-1.27246	-1.14236	0.195952
4.99375	-1.27262	-1.14282	0.206227
5.01875	-1.27119	-1.14441	0.221926
5.04375	-1.27119	-1.14441	0.221926
5.06875	-1.26318	-1.14741	0.237076
5.09375	-1.26318	-1.14741	0.237076
5.11875	-1.26318	-1.14741	0.237076
5.14375	-1.24196	-1.14086	0.230955
5.16875	-1.22686	-1.13682	0.228378
5.19375	-1.21053	-1.13458	0.230114
5.21875	-1.21053	-1.13458	0.230114
5.24375	-1.1996	-1.1398	0.231403
5.26875	-1.1972	-1.14501	0.241444
5.29375	-1.19779	-1.15444	0.25092
5.31875	-1.19779	-1.15444	0.25092
5.34375	-1.2004	-1.17019	0.259194
5.36875	-1.20674	-1.1884	0.265564
5.39375	-1.20674	-1.1884	0.265564
5.41875	-1.22002	-1.21294	0.269294
5.44375	-1.23901	-1.24998	0.27066
5.46875	-1.25912	-1.29442	0.259211
5.49375	-1.28684	-1.32038	0.249804
5.51875	-1.28684	-1.32038	0.249804
5.54375	-1.36932	-1.3345	0.209679
5.56875	-1.41834	-1.33667	0.167884
5.59375	-1.41834	-1.33667	0.167884
5.61875	-1.46349	-1.35809	0.134667
5.64375	-1.46349	-1.35809	0.134667
5.66875	-1.49072	-1.38864	0.127786
5.69375	-1.49072	-1.38864	0.127786
5.71875	-1.49132	-1.38966	0.146766
5.74375	-1.48984	-1.38849	0.178203
5.76875	-1.4885	-1.3905	0.210522
5.79375	-1.4852	-1.39264	0.234533
5.81875	-1.4852	-1.39264	0.234533
5.84375	-1.47917	-1.39118	0.244125
5.86875	-1.46092	-1.38732	0.233688
5.89375	-1.46092	-1.38732	0.233688
5.91875	-1.4459	-1.38378	0.229248
5.94375	-1.43326	-1.38471	0.226769
5.96875	-1.42357	-1.3918	0.225776
5.99375	-1.42489	-1.40555	0.245478
