1.01875	1.86265e-08	3.72529e-08	0.24425
1.04375	-0.16168	0.0316863	0.156368
1.06875	-0.16168	0.0316863	0.156368
1.09375	-0.16168	0.0316863	0.156368
1.11875	-0.12895	0.0434206	0.183845
1.14375	-0.115755	0.0458157	0.189956
1.16875	-0.113572	0.0479146	0.194179
1.19375	-0.102851	0.0523334	0.197597
1.21875	-0.102851	0.0523334	0.197597
1.24375	-0.0925705	0.0555524	0.207859
1.26875	-0.0784363	0.0542738	0.236232
1.29375	-0.0677299	0.0537124	0.237225
1.31875	-0.0541145	0.0525461	0.236218
1.34375	-0.0541145	0.0525461	0.236218
1.36875	-0.0256911	0.0493474	0.232239
1.39375	-0.0256911	0.0493474	0.232239
1.41875	-0.0256911	0.0493474	0.232239
1.44375	-0.0255629	0.0317258	0.243389
1.46875	-0.0414686	0.0245475	0.242921
1.49375	-0.0414686	0.0245475	0.242921
1.51875	-0.0938178	0.0242601	0.254777
1.54375	-0.18336	0.0262849	0.243793
1.56875	-0.227948	0.0380835	0.210833
1.59375	-0.227948	0.0380835	0.210833
1.61875	-0.294601	0.0428562	0.142841
1.64375	-0.305781	0.0444599	0.141931
1.66875	-0.305781	0.0444599	0.141931
1.69375	-0.308909	0.0472037	0.138618
1.71875	-0.308399	0.0476599	0.138253
1.74375	-0.308399	0.0476599	0.138253
1.76875	-0.304358	0.0460124	0.141512
1.79375	-0.29737	0.0402094	0.148854
1.81875	-0.287226	0.0390674	0.160232
1.84375	-0.27688	0.0473705	0.17391
1.86875	-0.266228	0.053632	0.182189
1.89375	-0.266228	0.053632	0.182189
1.91875	-0.261848	0.0566771	0.190173
1.94375	-0.262191	0.0626514	0.200061
1.96875	-0.25928	0.0687735	0.207402
1.99375	-0.253869	0.0710141	0.226437
2.01875	-0.250815	0.0693059	0.236674
2.04375	-0.243879	0.069035	0.236705
2.06875	-0.23482	0.0686133	0.235063
2.09375	-0.209334	0.0663509	0.233616
2.11875	-0.198756	0.0620231	0.231226
2.14375	-0.193839	0.0542884	0.230401
2.16875	-0.197182	0.0418521	0.228568
2.19375	-0.197182	0.0418521	0.228568
2.21875	-0.228062	0.0297853	0.248298
2.24375	-0.256085	0.0157906	0.256664
2.26875	-0.295047	-0.00672932	0.259655
2.29375	-0.339449	-0.0286634	0.250187
2.31875	-0.426947	-0.063395	0.178497
2.34375	-0.426947	-0.063395	0.178497
2.36875	-0.444322	-0.0729541	0.16046
2.39375	-0.444322	-0.0729541	0.16046
2.41875	-0.448845	-0.0747951	0.147116
2.44375	-0.46229	-0.0772463	0.141282
2.46875	-0.463629	-0.0761525	0.139474
2.49375	-0.46415	-0.0762635	0.139501
2.51875	-0.455435	-0.0772953	0.147223
2.54375	-0.445954	-0.0764752	0.155797
2.56875	-0.441555	-0.0665751	0.168623
2.59375	-0.441555	-0.0665751	0.168623
2.61875	-0.425718	-0.0448806	0.186125
2.64375	-0.428359	-0.0467764	0.192083
2.66875	-0.430652	-0.0456275	0.197592
2.69375	-0.430652	-0.0456275	0.197592
2.71875	-0.431214	-0.0414345	0.200708
2.74375	-0.430866	-0.04037	0.20445
2.76875	-0.430866	-0.04037	0.20445
2.79375	-0.428432	-0.0386133	0.225915
2.81875	-0.423781	-0.0348823	0.22695
2.84375	-0.409359	-0.0218218	0.226038
2.86875	-0.400888	-0.0146698	0.226491
2.89375	-0.391125	-0.00892356	0.230566
2.91875	-0.391125	-0.00892356	0.230566
2.94375	-0.379053	-0.0118721	0.237128
2.96875	-0.381845	-0.0245819	0.237303
2.99375	-0.395502	-0.0376939	0.24262
3.01875	-0.449699	-0.0823461	0.249281
3.04375	-0.449699	-0.0823461	0.249281
3.06875	-0.488918	-0.101748	0.239031
3.09375	-0.530609	-0.118128	0.205956
3.11875	-0.546411	-0.12568	0.180061
3.14375	-0.553157	-0.129026	0.154834
3.16875	-0.561382	-0.128704	0.142118
3.19375	-0.566153	-0.131566	0.140309
3.21875	-0.568752	-0.132801	0.138895
3.24375	-0.568604	-0.132646	0.139038
3.26875	-0.568604	-0.132646	0.139038
3.29375	-0.559789	-0.128018	0.145482
3.31875	-0.548559	-0.115053	0.165256
3.34375	-0.547464	-0.101623	0.175835
3.36875	-0.547464	-0.101623	0.175835
3.39375	-0.547464	-0.101623	0.175835
3.41875	-0.542656	-0.090441	0.186511
3.44375	-0.542656	-0.090441	0.186511
3.46875	-0.545708	-0.0940215	0.196169
3.49375	-0.544795	-0.0896586	0.203387
3.51875	-0.544795	-0.0896586	0.203387
3.54375	-0.543392	-0.0878774	0.213033
3.56875	-0.541703	-0.0884578	0.225102
3.59375	-0.532786	-0.0875454	0.225879
3.61875	-0.532786	-0.0875454	0.225879
3.64375	-0.526103	-0.0851871	0.225576
3.66875	-0.515917	-0.0800215	0.227565
3.69375	-0.505215	-0.0762359	0.231355
3.71875	-0.500655	-0.0796865	0.231716
3.74375	-0.507459	-0.0852811	0.235338
3.76875	-0.524439	-0.0962816	0.23957
3.79375	-0.550723	-0.116667	0.239931
3.81875	-0.58839	-0.145114	0.235235
3.84375	-0.631709	-0.17193	0.213837
3.86875	-0.675498	-0.197288	0.167615
3.89375	-0.675498	-0.197288	0.167615
3.91875	-0.705251	-0.217935	0.138947
3.94375	-0.705251	-0.217935	0.138947
3.96875	-0.707682	-0.219148	0.138359
3.99375	-0.709024	-0.219648	0.137816
4.01875	-0.706458	-0.219674	0.140698
4.04375	-0.695181	-0.219145	0.149172
4.06875	-0.689293	-0.212271	0.161726
4.09375	-0.68647	-0.200489	0.174983
4.11875	-0.682117	-0.190488	0.181294
4.14375	-0.678978	-0.186423	0.185873
4.16875	-0.678978	-0.186423	0.185873
4.19375	-0.680103	-0.187582	0.192533
4.21875	-0.681715	-0.185321	0.199275
4.24375	-0.681307	-0.182376	0.202056
4.26875	-0.680257	-0.180136	0.210719
4.29375	-0.680257	-0.180136	0.210719
4.31875	-0.679791	-0.180489	0.223254
4.34375	-0.679791	-0.180489	0.223254
4.36875	-0.677409	-0.179718	0.226901
4.39375	-0.672815	-0.177684	0.226209
4.41875	-0.662264	-0.171764	0.232124
4.44375	-0.662264	-0.171764	0.232124
4.46875	-0.650209	-0.173559	0.240168
4.49375	-0.655989	-0.186621	0.240782
4.51875	-0.655989	-0.186621	0.240782
4.54375	-0.673235	-0.206028	0.241765
4.56875	-0.701233	-0.228622	0.2389
4.59375	-0.737058	-0.255336	0.220692
4.61875	-0.737058	-0.255336	0.220692
4.64375	-0.776097	-0.279048	0.180809
4.66875	-0.798735	-0.302177	0.150782
4.69375	-0.803412	-0.30137	0.141751
4.71875	-0.803412	-0.30137	0.141751
4.74375	-0.805431	-0.300156	0.140332
4.76875	-0.805431	-0.300156	0.140332
4.79375	-0.806657	-0.300888	0.14037
4.81875	-0.806657	-0.300888	0.14037
4.84375	-0.798691	-0.300941	0.147655
4.86875	-0.798691	-0.300941	0.147655
4.89375	-0.791844	-0.295226	0.15807
4.91875	-0.788316	-0.278035	0.171765
4.94375	-0.78405	-0.266941	0.181082
4.96875	-0.785044	-0.263012	0.195708
4.99375	-0.784189	-0.252845	0.206928
5.01875	-0.782262	-0.249654	0.209615
5.04375	-0.779636	-0.247079	0.216756
5.06875	-0.779636	-0.247079	0.216756
5.09375	-0.769144	-0.242832	0.226092
5.11875	-0.761343	-0.238209	0.225768
5.14375	-0.753802	-0.233236	0.226518
5.16875	-0.744198	-0.228129	0.228583
5.19375	-0.737309	-0.224439	0.232816
5.21875	-0.742494	-0.217785	0.241456
5.24375	-0.75647	-0.219065	0.250941
5.26875	-0.812859	-0.249794	0.264609
5.29375	-0.85324	-0.276005	0.25695
5.31875	-0.89321	-0.301799	0.224628
5.34375	-0.930197	-0.325843	0.18693
5.36875	-0.930197	-0.325843	0.18693
5.39375	-0.942782	-0.337709	0.174709
5.41875	-0.942782	-0.337709	0.174709
5.44375	-0.94974	-0.341848	0.152446
5.46875	-0.952678	-0.334333	0.141278
5.49375	-0.95268	-0.332771	0.140124
5.51875	-0.952147	-0.331077	0.138906
5.54375	-0.952147	-0.331077	0.138906
5.56875	-0.950483	-0.33038	0.139373
5.59375	-0.950483	-0.33038	0.139373
5.61875	-0.946588	-0.335575	0.144435
5.64375	-0.941843	-0.330395	0.159595
5.66875	-0.941843	-0.330395	0.159595
5.69375	-0.934198	-0.317405	0.174662
5.71875	-0.934198	-0.317405	0.174662
5.74375	-0.929673	-0.308957	0.1883
5.76875	-0.927516	-0.303596	0.197653
5.79375	-0.92606	-0.301265	0.207189
5.81875	-0.92606	-0.301265	0.207189
5.84375	-0.919192	-0.297067	0.230831
5.86875	-0.913181	-0.292808	0.228777
5.89375	-0.905017	-0.28863	0.225564
5.91875	-0.895275	-0.284481	0.22667
5.94375	-0.886535	-0.281627	0.23037
5.96875	-0.889687	-0.279781	0.236337
5.99375	-0.930279	-0.291398	0.257135
