1.01875	1.86265e-08	3.72529e-08	0.24425
1.04375	-0.0654981	-0.155059	0.210666
1.06875	-0.0654981	-0.155059	0.210666
1.09375	-0.0981233	-0.16073	0.174608
1.11875	-0.0981233	-0.16073	0.174608
1.14375	-0.087155	-0.169377	0.197304
1.16875	-0.087155	-0.169377	0.197304
1.19375	-0.074843	-0.166199	0.198638
1.21875	-0.0711644	-0.157946	0.202218
1.24375	-0.0927782	-0.156627	0.209595
1.26875	-0.0927782	-0.156627	0.209595
1.29375	-0.111947	-0.155965	0.191286
1.31875	-0.110004	-0.157325	0.18415
1.34375	-0.110004	-0.157325	0.18415
1.36875	-0.110198	-0.165403	0.181684
1.39375	-0.107678	-0.181541	0.196763
1.41875	-0.107678	-0.181541	0.196763
1.44375	-0.0972099	-0.193103	0.199417
1.46875	-0.0913921	-0.196113	0.199908
1.49375	-0.0863289	-0.196848	0.20317
1.51875	-0.093346	-0.193761	0.219016
1.54375	-0.093346	-0.193761	0.219016
1.56875	-0.125992	-0.181109	0.223144
1.59375	-0.1392	-0.17969	0.210447
1.61875	-0.1392	-0.17969	0.210447
1.64375	-0.159362	-0.192829	0.209291
1.66875	-0.159362	-0.192829	0.209291
1.69375	-0.174779	-0.209731	0.178415
1.71875	-0.172052	-0.208481	0.173995
1.74375	-0.172052	-0.208481	0.173995
1.76875	-0.17191	-0.20962	0.174277
1.79375	-0.172163	-0.211759	0.17846
1.81875	-0.17274	-0.214844	0.183931
1.84375	-0.173841	-0.217862	0.188079
1.86875	-0.173841	-0.217862	0.188079
1.89375	-0.173841	-0.217862	0.188079
1.91875	-0.176587	-0.222161	0.197179
1.94375	-0.176587	-0.222161	0.197179
1.96875	-0.171301	-0.218902	0.205824
1.99375	-0.171301	-0.218902	0.205824
2.01875	-0.160219	-0.210791	0.192967
2.04375	-0.160219	-0.210791	0.192967
2.06875	-0.156517	-0.214856	0.168161
2.09375	-0.156517	-0.214856	0.168161
2.11875	-0.156517	-0.214856	0.168161
2.14375	-0.163849	-0.243001	0.166677
2.16875	-0.163115	-0.256901	0.180932
2.19375	-0.160389	-0.271243	0.191564
2.21875	-0.156389	-0.282455	0.195436
2.24375	-0.150658	-0.287557	0.198533
2.26875	-0.150658	-0.287557	0.198533
2.29375	-0.144984	-0.281864	0.210272
2.31875	-0.149829	-0.273101	0.228566
2.34375	-0.164818	-0.261024	0.238003
2.36875	-0.19015	-0.242337	0.225224
2.39375	-0.191596	-0.246136	0.224384
2.41875	-0.191596	-0.246136	0.224384
2.44375	-0.19354	-0.253395	0.197944
2.46875	-0.196079	-0.257462	0.188764
2.49375	-0.205477	-0.266418	0.182647
2.51875	-0.211442	-0.274319	0.186429
2.54375	-0.211442	-0.274319	0.186429
2.56875	-0.219331	-0.283365	0.186319
2.59375	-0.226847	-0.292558	0.186155
2.61875	-0.227094	-0.29616	0.190999
2.64375	-0.227094	-0.29616	0.190999
2.66875	-0.225539	-0.293971	0.199977
2.69375	-0.225539	-0.293971	0.199977
2.71875	-0.222193	-0.286701	0.20541
2.74375	-0.222193	-0.286701	0.20541
2.76875	-0.212088	-0.274412	0.194444
2.79375	-0.212578	-0.276629	0.17747
2.81875	-0.212578	-0.276629	0.17747
2.84375	-0.215895	-0.28904	0.171201
2.86875	-0.218125	-0.305042	0.174124
2.89375	-0.219735	-0.317705	0.18653
2.91875	-0.219735	-0.317705	0.18653
2.94375	-0.21922	-0.333714	0.200018
2.96875	-0.215134	-0.346378	0.202152
2.99375	-0.215134	-0.346378	0.202152
3.01875	-0.215134	-0.346378	0.202152
3.04375	-0.204456	-0.355461	0.200127
3.06875	-0.189416	-0.360353	0.203079
3.09375	-0.199633	-0.353672	0.218509
3.11875	-0.256867	-0.354832	0.226022
3.14375	-0.286937	-0.361516	0.211611
3.16875	-0.296573	-0.374875	0.215599
3.19375	-0.305943	-0.388266	0.209526
3.21875	-0.315077	-0.401322	0.192692
3.24375	-0.315077	-0.401322	0.192692
3.26875	-0.330081	-0.43207	0.176963
3.29375	-0.327827	-0.43261	0.182382
3.31875	-0.327827	-0.43261	0.182382
3.34375	-0.328679	-0.438691	0.193194
3.36875	-0.328608	-0.442687	0.197328
3.39375	-0.328608	-0.442687	0.197328
3.41875	-0.328257	-0.446085	0.201089
3.44375	-0.328257	-0.446085	0.201089
3.46875	-0.32598	-0.441284	0.210099
3.49375	-0.319694	-0.428595	0.202325
3.51875	-0.319694	-0.428595	0.202325
3.54375	-0.315384	-0.423182	0.175442
3.56875	-0.313491	-0.43414	0.164587
3.59375	-0.316683	-0.463285	0.176811
3.61875	-0.314201	-0.478054	0.197401
3.64375	-0.311168	-0.495336	0.210488
3.66875	-0.311168	-0.495336	0.210488
3.69375	-0.302817	-0.509603	0.212228
3.71875	-0.302817	-0.509603	0.212228
3.74375	-0.286055	-0.51957	0.212324
3.76875	-0.286055	-0.51957	0.212324
3.79375	-0.266404	-0.527812	0.211256
3.81875	-0.248007	-0.535568	0.218537
3.84375	-0.247503	-0.536121	0.242538
3.86875	-0.247503	-0.536121	0.242538
3.89375	-0.254869	-0.532839	0.256025
3.91875	-0.269133	-0.523393	0.249992
3.94375	-0.287086	-0.513748	0.219311
3.96875	-0.287086	-0.513748	0.219311
3.99375	-0.280389	-0.511937	0.207513
4.01875	-0.273636	-0.507037	0.193259
4.04375	-0.264366	-0.497342	0.181916
4.06875	-0.25104	-0.482385	0.176673
4.09375	-0.238505	-0.47202	0.177603
4.11875	-0.238505	-0.47202	0.177603
4.14375	-0.229665	-0.466964	0.18479
4.16875	-0.221182	-0.462358	0.191126
4.19375	-0.225396	-0.465285	0.204503
4.21875	-0.225396	-0.465285	0.204503
4.24375	-0.242492	-0.473832	0.213849
4.26875	-0.265461	-0.488686	0.203065
4.29375	-0.265461	-0.488686	0.203065
4.31875	-0.259739	-0.484346	0.202153
4.34375	-0.254432	-0.486037	0.21057
4.36875	-0.248902	-0.48834	0.213632
4.39375	-0.242229	-0.490837	0.211052
4.41875	-0.229931	-0.494624	0.208887
4.44375	-0.213753	-0.499189	0.207971
4.46875	-0.19652	-0.507826	0.20646
4.49375	-0.19652	-0.507826	0.20646
4.51875	-0.177318	-0.520834	0.204253
4.54375	-0.149533	-0.524549	0.216664
4.56875	-0.149533	-0.524549	0.216664
4.59375	-0.14844	-0.51915	0.238822
4.61875	-0.154098	-0.516135	0.262583
4.64375	-0.166262	-0.519128	0.282999
4.66875	-0.186068	-0.525352	0.284579
4.69375	-0.186068	-0.525352	0.284579
4.71875	-0.249388	-0.542769	0.250206
4.74375	-0.27854	-0.564785	0.213246
4.76875	-0.311076	-0.617015	0.159257
4.79375	-0.311076	-0.617015	0.159257
4.81875	-0.309975	-0.634847	0.171769
4.84375	-0.308199	-0.65164	0.185803
4.86875	-0.30648	-0.667033	0.194671
4.89375	-0.304623	-0.68231	0.198188
4.91875	-0.304623	-0.68231	0.198188
4.94375	-0.316385	-0.710749	0.20739
4.96875	-0.316385	-0.710749	0.20739
4.99375	-0.319886	-0.710595	0.195642
5.01875	-0.3119	-0.717982	0.199303
5.04375	-0.298885	-0.724302	0.21169
5.06875	-0.298885	-0.724302	0.21169
5.09375	-0.286996	-0.729039	0.221399
5.11875	-0.286996	-0.729039	0.221399
5.14375	-0.274252	-0.733252	0.220488
5.16875	-0.259504	-0.737456	0.21625
5.19375	-0.259504	-0.737456	0.21625
5.21875	-0.245086	-0.736995	0.214435
5.24375	-0.223529	-0.736044	0.210634
5.26875	-0.223529	-0.736044	0.210634
5.29375	-0.197629	-0.73484	0.206191
5.31875	-0.197629	-0.73484	0.206191
5.34375	-0.182282	-0.7264	0.212528
5.36875	-0.182282	-0.7264	0.212528
5.39375	-0.186099	-0.71617	0.231898
5.41875	-0.186099	-0.71617	0.231898
5.44375	-0.194534	-0.711136	0.254003
5.46875	-0.20154	-0.716147	0.275634
5.49375	-0.206466	-0.733908	0.292738
5.51875	-0.209044	-0.761343	0.293279
5.54375	-0.210879	-0.793361	0.271097
5.56875	-0.212158	-0.833502	0.238038
5.59375	-0.224632	-0.873327	0.195885
5.61875	-0.224632	-0.873327	0.195885
5.64375	-0.22493	-0.883357	0.183918
5.66875	-0.225844	-0.871248	0.190297
5.69375	-0.227828	-0.858986	0.191984
5.71875	-0.231854	-0.866137	0.207903
5.74375	-0.231854	-0.866137	0.207903
5.76875	-0.241423	-0.886175	0.21725
5.79375	-0.241423	-0.886175	0.21725
5.81875	-0.248978	-0.909668	0.200334
5.84375	-0.25471	-0.906062	0.193672
5.86875	-0.25471	-0.906062	0.193672
5.89375	-0.25066	-0.901669	0.193423
5.91875	-0.244985	-0.901003	0.202947
5.94375	-0.244985	-0.901003	0.202947
5.96875	-0.236961	-0.89823	0.210564
5.99375	-0.229557	-0.89204	0.207949
