1.01875	1.86265e-08	3.72529e-08	0.24425
1.04375	-0.107881	0.0692371	0.160085
1.06875	-0.107881	0.0692371	0.160085
1.09375	-0.0919375	0.0739819	0.190716
1.11875	-0.0841845	0.0738497	0.193969
1.14375	-0.0810307	0.073508	0.193787
1.16875	-0.0784357	0.0780097	0.198238
1.19375	-0.0763459	0.0816893	0.202312
1.21875	-0.0763459	0.0816893	0.202312
1.24375	-0.0760588	0.0794248	0.224873
1.26875	-0.0760588	0.0794248	0.224873
1.29375	-0.0783972	0.0753243	0.230779
1.31875	-0.074082	0.0628277	0.230643
1.34375	-0.070243	0.0563355	0.231826
1.36875	-0.070243	0.0563355	0.231826
1.39375	-0.0664903	0.0494817	0.233559
1.41875	-0.0619155	0.0411312	0.238127
1.44375	-0.0595636	0.0335087	0.240473
1.46875	-0.0595636	0.0335087	0.240473
1.49375	-0.0663911	0.0307549	0.240001
1.51875	-0.0663911	0.0307549	0.240001
1.54375	-0.0663911	0.0307549	0.240001
1.56875	-0.0760969	0.0403291	0.24517
1.59375	-0.095065	0.0580594	0.250979
1.61875	-0.126847	0.0834624	0.250761
1.64375	-0.126847	0.0834624	0.250761
1.66875	-0.16996	0.115734	0.236561
1.69375	-0.16996	0.115734	0.236561
1.71875	-0.215527	0.148271	0.200032
1.74375	-0.261599	0.182518	0.1457
1.76875	-0.284268	0.210397	0.131867
1.79375	-0.290002	0.202052	0.149199
1.81875	-0.284614	0.200401	0.172815
1.84375	-0.274843	0.199937	0.188471
1.86875	-0.266684	0.195813	0.194019
1.89375	-0.263757	0.193197	0.194955
1.91875	-0.260763	0.197348	0.200609
1.94375	-0.256867	0.200733	0.201171
1.96875	-0.253675	0.200725	0.204416
1.99375	-0.251452	0.199979	0.21433
2.01875	-0.253406	0.19923	0.222429
2.04375	-0.253458	0.194874	0.223234
2.06875	-0.253458	0.194874	0.223234
2.09375	-0.249838	0.184527	0.223487
2.11875	-0.249838	0.184527	0.223487
2.14375	-0.24241	0.175378	0.227881
2.16875	-0.237597	0.168007	0.235952
2.19375	-0.237597	0.168007	0.235952
2.21875	-0.25231	0.173759	0.24483
2.24375	-0.275954	0.190017	0.245236
2.26875	-0.303038	0.217864	0.242261
2.29375	-0.303038	0.217864	0.242261
2.31875	-0.33572	0.279594	0.202664
2.34375	-0.339592	0.282421	0.190932
2.36875	-0.339592	0.282421	0.190932
2.39375	-0.343847	0.285486	0.16344
2.41875	-0.344557	0.292121	0.149124
2.44375	-0.344557	0.292121	0.149124
2.46875	-0.346688	0.297824	0.146789
2.49375	-0.350634	0.302623	0.14541
2.51875	-0.351728	0.304112	0.144964
2.54375	-0.349325	0.291391	0.153892
2.56875	-0.340252	0.284397	0.163695
2.59375	-0.340252	0.284397	0.163695
2.61875	-0.323833	0.280705	0.176321
2.64375	-0.312416	0.275553	0.184599
2.66875	-0.309526	0.276047	0.191477
2.69375	-0.307119	0.278248	0.196669
2.71875	-0.30237	0.278726	0.196105
2.74375	-0.301388	0.278561	0.201221
2.76875	-0.300656	0.277352	0.210772
2.79375	-0.301036	0.275793	0.222804
2.81875	-0.300098	0.27252	0.223915
2.84375	-0.298369	0.267059	0.223787
2.86875	-0.298369	0.267059	0.223787
2.89375	-0.295966	0.261108	0.224124
2.91875	-0.293855	0.254772	0.225726
2.94375	-0.293855	0.254772	0.225726
2.96875	-0.290067	0.252401	0.234759
2.99375	-0.28671	0.264988	0.246334
3.01875	-0.28671	0.264988	0.246334
3.04375	-0.294277	0.289186	0.254608
3.06875	-0.294277	0.289186	0.254608
3.09375	-0.311379	0.325741	0.255178
3.11875	-0.330088	0.364319	0.232062
3.14375	-0.351933	0.406845	0.188226
3.16875	-0.377379	0.440102	0.144551
3.19375	-0.391049	0.463683	0.139723
3.21875	-0.391049	0.463683	0.139723
3.24375	-0.403905	0.484303	0.144238
3.26875	-0.403085	0.481794	0.145459
3.29375	-0.404724	0.472265	0.152896
3.31875	-0.404724	0.472265	0.152896
3.34375	-0.39411	0.458973	0.174375
3.36875	-0.39411	0.458973	0.174375
3.39375	-0.380436	0.444038	0.186944
3.41875	-0.38028	0.442977	0.193101
3.44375	-0.372843	0.44317	0.19942
3.46875	-0.367	0.443147	0.201977
3.49375	-0.363803	0.444398	0.207162
3.51875	-0.363803	0.444398	0.207162
3.54375	-0.357047	0.442032	0.222678
3.56875	-0.352919	0.436112	0.223494
3.59375	-0.352919	0.436112	0.223494
3.61875	-0.348958	0.429416	0.223572
3.64375	-0.345499	0.423803	0.224092
3.66875	-0.342598	0.418051	0.226242
3.69375	-0.339356	0.410668	0.232806
3.71875	-0.35003	0.41045	0.241438
3.74375	-0.36853	0.425218	0.242835
3.76875	-0.36853	0.425218	0.242835
3.79375	-0.389156	0.452126	0.242829
3.81875	-0.432252	0.520762	0.200862
3.84375	-0.44814	0.533721	0.185824
3.86875	-0.44814	0.533721	0.185824
3.89375	-0.451377	0.538755	0.15019
3.91875	-0.451377	0.538755	0.15019
3.94375	-0.451377	0.538755	0.15019
3.96875	-0.440712	0.535528	0.14698
3.99375	-0.440712	0.535528	0.14698
4.01875	-0.440601	0.53729	0.145554
4.04375	-0.442022	0.538252	0.145807
4.06875	-0.449358	0.534117	0.156024
4.09375	-0.441074	0.53435	0.173906
4.11875	-0.441074	0.53435	0.173906
4.14375	-0.422458	0.526717	0.192257
4.16875	-0.422458	0.526717	0.192257
4.19375	-0.420488	0.527883	0.197821
4.21875	-0.417252	0.529495	0.201281
4.24375	-0.415373	0.531499	0.201885
4.26875	-0.414582	0.533186	0.206985
4.29375	-0.414582	0.533186	0.206985
4.31875	-0.412726	0.534272	0.222946
4.34375	-0.410668	0.532235	0.223088
4.36875	-0.410668	0.532235	0.223088
4.39375	-0.407427	0.52411	0.223779
4.41875	-0.405363	0.519295	0.224318
4.44375	-0.403653	0.513289	0.228585
4.46875	-0.401813	0.50659	0.234227
4.49375	-0.405471	0.506999	0.237933
4.51875	-0.405471	0.506999	0.237933
4.54375	-0.42945	0.548669	0.24689
4.56875	-0.456571	0.585125	0.241042
4.59375	-0.504098	0.660023	0.189009
4.61875	-0.519044	0.672969	0.169797
4.64375	-0.519044	0.672969	0.169797
4.66875	-0.511259	0.672735	0.148705
4.69375	-0.511259	0.672735	0.148705
4.71875	-0.504593	0.668596	0.146931
4.74375	-0.503989	0.668393	0.146725
4.76875	-0.504843	0.670235	0.145937
4.79375	-0.504843	0.670235	0.145937
4.81875	-0.507796	0.67051	0.148342
4.84375	-0.51451	0.668976	0.153554
4.86875	-0.507789	0.665317	0.167389
4.89375	-0.507789	0.665317	0.167389
4.91875	-0.507789	0.665317	0.167389
4.94375	-0.484919	0.6506	0.188673
4.96875	-0.484919	0.6506	0.188673
4.99375	-0.477767	0.649068	0.19224
5.01875	-0.477767	0.649068	0.19224
5.04375	-0.477767	0.649068	0.19224
5.06875	-0.473423	0.647562	0.19746
5.09375	-0.473423	0.647562	0.19746
5.11875	-0.459762	0.637786	0.224255
5.14375	-0.455935	0.631984	0.223418
5.16875	-0.455935	0.631984	0.223418
5.19375	-0.452216	0.62139	0.225423
5.21875	-0.451835	0.616486	0.232931
5.24375	-0.458655	0.617366	0.23975
5.26875	-0.458655	0.617366	0.23975
5.29375	-0.501171	0.647012	0.242696
5.31875	-0.520465	0.678269	0.234315
5.34375	-0.52389	0.708538	0.215863
5.36875	-0.52389	0.708538	0.215863
5.39375	-0.520499	0.717392	0.193175
5.41875	-0.520499	0.717392	0.193175
5.44375	-0.522711	0.720368	0.172308
5.46875	-0.526214	0.723177	0.147874
5.49375	-0.526214	0.723177	0.147874
5.51875	-0.528186	0.728015	0.146667
5.54375	-0.531466	0.731348	0.1464
5.56875	-0.534946	0.733261	0.146988
5.59375	-0.538845	0.729231	0.153035
5.61875	-0.533	0.721981	0.165301
5.64375	-0.519491	0.721604	0.179489
5.66875	-0.508211	0.717263	0.186976
5.69375	-0.508211	0.717263	0.186976
5.71875	-0.503756	0.71585	0.192272
5.74375	-0.497893	0.717032	0.196564
5.76875	-0.491275	0.719195	0.207816
5.79375	-0.491275	0.719195	0.207816
5.81875	-0.490233	0.717201	0.225452
5.84375	-0.490233	0.717201	0.225452
5.86875	-0.485247	0.707034	0.223325
5.89375	-0.485247	0.707034	0.223325
5.91875	-0.48232	0.698081	0.224754
5.94375	-0.48232	0.698081	0.224754
5.96875	-0.482928	0.689877	0.234005
5.99375	-0.482928	0.689877	0.234005
