1.01875	1.86265e-08	3.72529e-08	0.24425
1.04375	-0.286967	-0.00938045	0.136258
1.06875	-0.286967	-0.00938045	0.136258
1.09375	-0.290493	-0.0178163	0.157167
1.11875	-0.282858	-0.0160295	0.178785
1.14375	-0.282858	-0.0160295	0.178785
1.16875	-0.276043	-0.0140484	0.188355
1.19375	-0.276043	-0.0140484	0.188355
1.21875	-0.275022	-0.00730073	0.198229
1.24375	-0.270994	-0.00172047	0.20587
1.26875	-0.266167	1.35526e-05	0.218904
1.29375	-0.266167	1.35526e-05	0.218904
1.31875	-0.263199	0.000304211	0.234006
1.34375	-0.25714	0.00244812	0.237304
1.36875	-0.247673	0.00533516	0.235731
1.39375	-0.247673	0.00533516	0.235731
1.41875	-0.235048	0.00777138	0.238238
1.44375	-0.229236	0.00498857	0.237749
1.46875	-0.231245	-0.00359946	0.235286
1.49375	-0.231245	-0.00359946	0.235286
1.51875	-0.243906	-0.0107477	0.237505
1.54375	-0.266311	-0.0208419	0.239283
1.56875	-0.266311	-0.0208419	0.239283
1.59375	-0.300347	-0.0353971	0.237414
1.61875	-0.394095	-0.0839425	0.192406
1.64375	-0.444818	-0.106941	0.141627
1.66875	-0.472033	-0.117998	0.132982
1.69375	-0.473384	-0.12109	0.136659
1.71875	-0.474287	-0.122265	0.137433
1.74375	-0.471315	-0.122843	0.140822
1.76875	-0.461884	-0.124726	0.148986
1.79375	-0.454391	-0.120551	0.159818
1.81875	-0.450035	-0.10988	0.17202
1.84375	-0.443488	-0.100268	0.178515
1.86875	-0.439172	-0.0960053	0.183179
1.89375	-0.440864	-0.0952044	0.191972
1.91875	-0.441355	-0.0907852	0.198154
1.94375	-0.439913	-0.0848096	0.200533
1.96875	-0.439913	-0.0848096	0.200533
1.99375	-0.437362	-0.0792882	0.213957
2.01875	-0.43379	-0.0758227	0.221872
2.04375	-0.43379	-0.0758227	0.221872
2.06875	-0.426732	-0.0698668	0.226545
2.09375	-0.41828	-0.0634533	0.226188
2.11875	-0.41828	-0.0634533	0.226188
2.14375	-0.41036	-0.0574942	0.22586
2.16875	-0.41036	-0.0574942	0.22586
2.19375	-0.401254	-0.0506404	0.229597
2.21875	-0.397065	-0.0496844	0.231493
2.24375	-0.397065	-0.0496844	0.231493
2.26875	-0.404418	-0.0540368	0.235561
2.29375	-0.404418	-0.0540368	0.235561
2.31875	-0.447941	-0.0873927	0.235576
2.34375	-0.447941	-0.0873927	0.235576
2.36875	-0.485223	-0.116975	0.223251
2.39375	-0.559233	-0.173302	0.139138
2.41875	-0.581396	-0.187779	0.132608
2.44375	-0.583174	-0.193456	0.137258
2.46875	-0.583174	-0.193456	0.137258
2.49375	-0.583236	-0.19355	0.137717
2.51875	-0.58208	-0.193804	0.139565
2.54375	-0.574167	-0.193689	0.146672
2.56875	-0.56342	-0.19133	0.155925
2.59375	-0.556166	-0.164231	0.176738
2.61875	-0.556166	-0.164231	0.176738
2.64375	-0.555144	-0.15792	0.190628
2.66875	-0.555144	-0.15792	0.190628
2.69375	-0.557548	-0.153933	0.202218
2.71875	-0.555962	-0.149238	0.205559
2.74375	-0.553428	-0.145222	0.205514
2.76875	-0.550185	-0.141707	0.208577
2.79375	-0.546371	-0.138838	0.216416
2.81875	-0.546371	-0.138838	0.216416
2.84375	-0.540682	-0.136069	0.223982
2.86875	-0.530731	-0.130061	0.225482
2.89375	-0.530731	-0.130061	0.225482
2.91875	-0.516643	-0.121017	0.227572
2.94375	-0.510976	-0.112824	0.231775
2.96875	-0.519311	-0.105371	0.240603
2.99375	-0.519311	-0.105371	0.240603
3.01875	-0.538125	-0.107198	0.248874
3.04375	-0.5669	-0.118452	0.253402
3.06875	-0.5669	-0.118452	0.253402
3.09375	-0.5669	-0.118452	0.253402
3.11875	-0.607518	-0.139059	0.251266
3.14375	-0.652073	-0.162899	0.22755
3.16875	-0.695062	-0.188639	0.179046
3.19375	-0.695062	-0.188639	0.179046
3.21875	-0.727587	-0.214952	0.137229
3.24375	-0.727587	-0.214952	0.137229
3.26875	-0.727587	-0.214952	0.137229
3.29375	-0.747324	-0.225348	0.135855
3.31875	-0.747324	-0.225348	0.135855
3.34375	-0.758311	-0.238454	0.147304
3.36875	-0.758311	-0.238454	0.147304
3.39375	-0.758311	-0.238454	0.147304
3.41875	-0.732724	-0.20852	0.182464
3.44375	-0.732724	-0.20852	0.182464
3.46875	-0.731498	-0.196208	0.20522
3.49375	-0.730371	-0.195135	0.207095
3.51875	-0.730371	-0.195135	0.207095
3.54375	-0.72816	-0.194354	0.211283
3.56875	-0.72548	-0.193694	0.219358
3.59375	-0.72548	-0.193694	0.219358
3.61875	-0.721134	-0.192788	0.224545
3.64375	-0.721134	-0.192788	0.224545
3.66875	-0.715648	-0.190085	0.225431
3.69375	-0.711554	-0.186534	0.232337
3.71875	-0.711554	-0.186534	0.232337
3.74375	-0.714548	-0.191416	0.234483
3.76875	-0.726839	-0.207867	0.234598
3.79375	-0.742402	-0.229483	0.234095
3.81875	-0.767688	-0.258317	0.224048
3.84375	-0.767688	-0.258317	0.224048
3.86875	-0.799051	-0.279908	0.194814
3.89375	-0.799051	-0.279908	0.194814
3.91875	-0.819642	-0.303353	0.163182
3.94375	-0.819642	-0.303353	0.163182
3.96875	-0.82842	-0.307848	0.142644
3.99375	-0.830506	-0.305446	0.141077
4.01875	-0.829973	-0.305859	0.142773
4.04375	-0.829973	-0.305859	0.142773
4.06875	-0.82248	-0.308096	0.150299
4.09375	-0.81785	-0.300736	0.162186
4.11875	-0.816455	-0.287927	0.176859
4.14375	-0.812465	-0.27608	0.184912
4.16875	-0.812465	-0.27608	0.184912
4.19375	-0.811691	-0.270285	0.197689
4.21875	-0.812576	-0.26765	0.201376
4.24375	-0.812576	-0.26765	0.201376
4.26875	-0.812576	-0.26765	0.201376
4.29375	-0.812168	-0.262357	0.202433
4.31875	-0.807594	-0.257167	0.227504
4.34375	-0.802414	-0.25531	0.226887
4.36875	-0.795756	-0.252454	0.22616
4.39375	-0.788735	-0.249347	0.226241
4.41875	-0.776144	-0.24162	0.231615
4.44375	-0.776144	-0.24162	0.231615
4.46875	-0.767678	-0.23976	0.234504
4.49375	-0.779073	-0.255887	0.238898
4.51875	-0.800021	-0.273584	0.240072
4.54375	-0.832023	-0.300381	0.237276
4.56875	-0.832023	-0.300381	0.237276
4.59375	-0.900515	-0.336115	0.195317
4.61875	-0.900515	-0.336115	0.195317
4.64375	-0.918586	-0.342918	0.154699
4.66875	-0.930732	-0.348185	0.143852
4.69375	-0.930732	-0.348185	0.143852
4.71875	-0.936636	-0.348505	0.139244
4.74375	-0.936839	-0.348029	0.138799
4.76875	-0.936029	-0.347806	0.139598
4.79375	-0.926987	-0.34628	0.146886
4.81875	-0.91673	-0.343649	0.156706
4.84375	-0.91084	-0.321104	0.177793
4.86875	-0.91084	-0.321104	0.177793
4.89375	-0.905076	-0.311634	0.180144
4.91875	-0.903229	-0.308963	0.190866
4.94375	-0.905139	-0.309562	0.195643
4.96875	-0.905139	-0.309562	0.195643
4.99375	-0.903888	-0.303464	0.201065
5.01875	-0.903472	-0.300058	0.202777
5.04375	-0.902186	-0.297851	0.208643
5.06875	-0.899933	-0.29626	0.219856
5.09375	-0.895161	-0.293239	0.225336
5.11875	-0.888336	-0.289187	0.225909
5.14375	-0.888336	-0.289187	0.225909
5.16875	-0.87099	-0.278157	0.226325
5.19375	-0.87099	-0.278157	0.226325
5.21875	-0.849511	-0.281655	0.236971
5.24375	-0.856451	-0.293905	0.239884
5.26875	-0.873267	-0.30561	0.246002
5.29375	-0.898892	-0.323799	0.249857
5.31875	-0.935072	-0.349573	0.24956
5.34375	-1.0217	-0.40341	0.197418
5.36875	-1.04035	-0.418879	0.178715
5.39375	-1.04953	-0.421877	0.151136
5.41875	-1.0534	-0.418976	0.143548
5.44375	-1.05505	-0.417189	0.141841
5.46875	-1.05505	-0.417189	0.141841
5.49375	-1.05507	-0.412457	0.139014
5.51875	-1.05499	-0.412779	0.139438
5.54375	-1.05349	-0.415384	0.143148
5.56875	-1.05349	-0.415384	0.143148
5.59375	-1.04804	-0.418958	0.151096
5.61875	-1.04715	-0.411932	0.166803
5.64375	-1.04715	-0.411932	0.166803
5.66875	-1.04693	-0.401891	0.179035
5.69375	-1.04693	-0.401891	0.179035
5.71875	-1.04749	-0.394012	0.187252
5.74375	-1.05138	-0.389782	0.194721
5.76875	-1.05138	-0.389782	0.194721
5.79375	-1.05385	-0.388756	0.201877
5.81875	-1.05852	-0.389948	0.229061
5.84375	-1.05729	-0.38846	0.228849
5.86875	-1.05332	-0.386297	0.225968
5.89375	-1.04712	-0.383662	0.225579
5.91875	-1.03798	-0.379791	0.227624
5.94375	-1.03798	-0.379791	0.227624
5.96875	-1.02211	-0.382149	0.235654
5.99375	-1.02131	-0.392161	0.237971
