1.01875	1.86265e-08	3.72529e-08	0.24425
1.04375	1.86265e-08	3.72529e-08	0.24425
1.06875	-0.182385	0.0733896	0.158137
1.09375	-0.17632	0.0775735	0.172967
1.11875	-0.171548	0.0810372	0.183611
1.14375	-0.16663	0.0830272	0.190226
1.16875	-0.160994	0.0846162	0.194923
1.19375	-0.157874	0.0893719	0.19878
1.21875	-0.157874	0.0893719	0.19878
1.24375	-0.155172	0.0923118	0.208654
1.26875	-0.154123	0.0913985	0.22651
1.29375	-0.154123	0.0913985	0.22651
1.31875	-0.153723	0.0895838	0.237127
1.34375	-0.149153	0.0871003	0.237329
1.36875	-0.149153	0.0871003	0.237329
1.39375	-0.140832	0.0844478	0.237375
1.41875	-0.125921	0.0813012	0.238182
1.44375	-0.125921	0.0813012	0.238182
1.46875	-0.113242	0.080516	0.234357
1.49375	-0.110857	0.0822084	0.2364
1.51875	-0.110857	0.0822084	0.2364
1.54375	-0.116743	0.086017	0.241001
1.56875	-0.129851	0.0929072	0.242686
1.59375	-0.152871	0.105166	0.240325
1.61875	-0.189475	0.122856	0.237159
1.64375	-0.189475	0.122856	0.237159
1.66875	-0.297398	0.17387	0.208702
1.69375	-0.353117	0.20145	0.16152
1.71875	-0.391451	0.256417	0.133972
1.74375	-0.391594	0.255203	0.136534
1.76875	-0.390309	0.249153	0.143159
1.79375	-0.386942	0.236499	0.152713
1.81875	-0.386942	0.236499	0.152713
1.84375	-0.377309	0.23455	0.164205
1.86875	-0.365373	0.23542	0.176612
1.89375	-0.365373	0.23542	0.176612
1.91875	-0.35514	0.234127	0.182934
1.94375	-0.35514	0.234127	0.182934
1.96875	-0.35514	0.234127	0.182934
1.99375	-0.350278	0.242994	0.202105
2.01875	-0.348747	0.244761	0.209729
2.04375	-0.346343	0.244045	0.223744
2.06875	-0.345679	0.242235	0.232615
2.09375	-0.342253	0.237029	0.231586
2.11875	-0.342253	0.237029	0.231586
2.14375	-0.329476	0.216987	0.231728
2.16875	-0.329476	0.216987	0.231728
2.19375	-0.322805	0.204529	0.236726
2.21875	-0.322805	0.204529	0.236726
2.24375	-0.321983	0.197695	0.237257
2.26875	-0.328696	0.196589	0.236474
2.29375	-0.341821	0.2028	0.236724
2.31875	-0.358198	0.217953	0.23724
2.34375	-0.380717	0.243095	0.233171
2.36875	-0.41332	0.278525	0.224185
2.39375	-0.41332	0.278525	0.224185
2.41875	-0.453938	0.318812	0.200465
2.44375	-0.453938	0.318812	0.200465
2.46875	-0.487547	0.363102	0.158891
2.49375	-0.487547	0.363102	0.158891
2.51875	-0.502689	0.407339	0.122712
2.54375	-0.502689	0.407339	0.122712
2.56875	-0.508585	0.402587	0.134262
2.59375	-0.512686	0.38803	0.15124
2.61875	-0.504204	0.386625	0.172385
2.64375	-0.492894	0.386277	0.186923
2.66875	-0.492894	0.386277	0.186923
2.69375	-0.483488	0.383312	0.191142
2.71875	-0.481328	0.382588	0.196979
2.74375	-0.475006	0.378972	0.203654
2.76875	-0.475006	0.378972	0.203654
2.79375	-0.469194	0.375652	0.215562
2.81875	-0.466873	0.372918	0.228868
2.84375	-0.466873	0.372918	0.228868
2.86875	-0.466873	0.372918	0.228868
2.89375	-0.466873	0.372918	0.228868
2.91875	-0.463544	0.369135	0.230182
2.94375	-0.454182	0.351651	0.229953
2.96875	-0.447034	0.339013	0.233408
2.99375	-0.447034	0.339013	0.233408
3.01875	-0.446236	0.332204	0.234014
3.04375	-0.452904	0.333773	0.233868
3.06875	-0.467335	0.344577	0.233562
3.09375	-0.467335	0.344577	0.233562
3.11875	-0.484952	0.366971	0.230746
3.14375	-0.511547	0.401445	0.223917
3.16875	-0.588587	0.493108	0.169065
3.19375	-0.605947	0.546416	0.130137
3.21875	-0.616846	0.558742	0.133037
3.24375	-0.619881	0.559244	0.135527
3.26875	-0.620295	0.556931	0.138414
3.29375	-0.620037	0.547062	0.147151
3.31875	-0.620037	0.547062	0.147151
3.34375	-0.620037	0.547062	0.147151
3.36875	-0.610177	0.532834	0.167202
3.39375	-0.600161	0.531184	0.17789
3.41875	-0.59215	0.528463	0.18376
3.44375	-0.589047	0.528991	0.192082
3.46875	-0.586169	0.530937	0.19796
3.49375	-0.586169	0.530937	0.19796
3.51875	-0.584257	0.531777	0.205275
3.54375	-0.58302	0.532501	0.216656
3.56875	-0.58302	0.532501	0.216656
3.59375	-0.58158	0.531722	0.228115
3.61875	-0.578621	0.528865	0.226827
3.64375	-0.578621	0.528865	0.226827
3.66875	-0.573963	0.522367	0.226143
3.69375	-0.566377	0.511029	0.229115
3.71875	-0.560582	0.506121	0.232256
3.74375	-0.560582	0.506121	0.232256
3.76875	-0.554656	0.515217	0.239847
3.79375	-0.554656	0.515217	0.239847
3.81875	-0.557447	0.534182	0.246253
3.84375	-0.568105	0.563453	0.246572
3.86875	-0.587906	0.605177	0.239796
3.89375	-0.614984	0.655046	0.217763
3.91875	-0.614984	0.655046	0.217763
3.94375	-0.614984	0.655046	0.217763
3.96875	-0.644443	0.706616	0.174544
3.99375	-0.669168	0.754878	0.132437
4.01875	-0.679187	0.778609	0.129264
4.04375	-0.685152	0.781474	0.135962
4.06875	-0.690549	0.759138	0.160119
4.09375	-0.680469	0.753244	0.170183
4.11875	-0.671327	0.745969	0.178359
4.14375	-0.664116	0.738074	0.181428
4.16875	-0.664116	0.738074	0.181428
4.19375	-0.663916	0.736412	0.19112
4.21875	-0.66223	0.735517	0.193594
4.24375	-0.65748	0.731437	0.200711
4.26875	-0.654123	0.727381	0.214077
4.29375	-0.650602	0.722198	0.228692
4.31875	-0.650602	0.722198	0.228692
4.34375	-0.634926	0.695092	0.22571
4.36875	-0.634926	0.695092	0.22571
4.39375	-0.632493	0.68529	0.22668
4.41875	-0.632493	0.68529	0.22668
4.44375	-0.630006	0.673024	0.230126
4.46875	-0.630006	0.673024	0.230126
4.49375	-0.629913	0.662638	0.232284
4.51875	-0.629913	0.662638	0.232284
4.54375	-0.629046	0.664186	0.240957
4.56875	-0.629046	0.664186	0.240957
4.59375	-0.634904	0.671633	0.248939
4.61875	-0.649719	0.684929	0.25324
4.64375	-0.649719	0.684929	0.25324
4.66875	-0.673892	0.706394	0.251577
4.69375	-0.673892	0.706394	0.251577
4.71875	-0.70521	0.738787	0.249205
4.74375	-0.746234	0.776267	0.234329
4.76875	-0.79037	0.814888	0.199665
4.79375	-0.816917	0.865952	0.159247
4.81875	-0.832669	0.910968	0.124922
4.84375	-0.832669	0.910968	0.124922
4.86875	-0.836961	0.907999	0.128423
4.89375	-0.828492	0.901669	0.147461
4.91875	-0.82249	0.901215	0.168283
4.94375	-0.82249	0.901215	0.168283
4.96875	-0.821149	0.90204	0.187663
4.99375	-0.820123	0.903972	0.198596
5.01875	-0.820123	0.903972	0.198596
5.04375	-0.820411	0.905006	0.204259
5.06875	-0.820448	0.905487	0.215146
5.09375	-0.820448	0.905487	0.215146
5.11875	-0.821872	0.904664	0.229163
5.14375	-0.822464	0.902366	0.231162
5.16875	-0.818659	0.894511	0.230186
5.19375	-0.811911	0.88237	0.237618
5.21875	-0.808804	0.873115	0.241168
5.24375	-0.813619	0.871759	0.243326
5.26875	-0.826939	0.878352	0.244429
5.29375	-0.826939	0.878352	0.244429
5.31875	-0.826939	0.878352	0.244429
5.34375	-0.881198	0.919913	0.243667
5.36875	-0.898581	0.950645	0.23719
5.39375	-0.898581	0.950645	0.23719
5.41875	-0.90036	0.971784	0.218039
5.44375	-0.90036	0.971784	0.218039
5.46875	-0.899905	0.994579	0.176495
5.49375	-0.899905	0.994579	0.176495
5.51875	-0.894811	1.01152	0.131263
5.54375	-0.888155	1.00578	0.134231
5.56875	-0.888155	1.00578	0.134231
5.59375	-0.888658	0.997633	0.142701
5.61875	-0.888658	0.997633	0.142701
5.64375	-0.888191	0.991833	0.154961
5.66875	-0.877859	0.989995	0.170134
5.69375	-0.867747	0.986355	0.181078
5.71875	-0.861985	0.986372	0.18967
5.74375	-0.859194	0.988274	0.195564
5.76875	-0.858227	0.990264	0.204455
5.79375	-0.856857	0.991131	0.218974
5.81875	-0.856857	0.991131	0.218974
5.84375	-0.849315	0.986209	0.227029
5.86875	-0.849315	0.986209	0.227029
5.89375	-0.844356	0.979623	0.226417
5.91875	-0.838397	0.972783	0.225743
5.94375	-0.830798	0.9611	0.231517
5.96875	-0.830798	0.9611	0.231517
5.99375	-0.828502	0.952809	0.234211
