1.01875	0.00267088	-0.029463	0.187701
1.04375	0.00267088	-0.029463	0.187701
1.06875	-0.00482214	-0.00577956	0.197601
1.09375	-0.0047056	-0.00509354	0.198818
1.11875	-0.00490339	-0.00455096	0.200068
1.14375	-0.00509088	-0.00384734	0.200542
1.16875	-0.00497726	-0.0036457	0.201708
1.19375	-0.00497726	-0.0036457	0.201708
1.21875	-0.00487489	-0.00282324	0.202849
1.24375	-0.00480689	-0.00269677	0.202805
1.26875	-0.00457172	-0.00281149	0.202761
1.29375	-0.004591	-0.00278216	0.20299
1.31875	-0.004591	-0.00278216	0.20299
1.34375	-0.00529668	-0.00292023	0.203889
1.36875	-0.00509923	-0.00299238	0.203691
1.39375	-0.00509923	-0.00299238	0.203691
1.41875	-0.0049579	-0.00362463	0.202552
1.44375	-0.00505413	-0.00417583	0.201412
1.46875	-0.00501002	-0.00523783	0.200538
1.49375	-0.00501002	-0.00523783	0.200538
1.51875	-0.00479426	-0.00665406	0.198787
1.54375	-0.00466202	-0.00753409	0.198391
1.56875	-0.00481079	-0.00826974	0.197497
1.59375	-0.00468994	-0.00896005	0.197313
1.61875	-0.00464138	-0.00935417	0.196325
1.64375	-0.00464138	-0.00935417	0.196325
1.66875	-0.00442216	-0.0095736	0.196121
1.69375	-0.0036778	-0.00903706	0.196474
1.71875	-0.00361948	-0.0089057	0.19613
1.74375	-0.00361948	-0.0089057	0.19613
1.76875	-0.00358308	-0.00868184	0.196129
1.79375	-0.00358308	-0.00868184	0.196129
1.81875	-0.00409608	-0.00708666	0.198211
1.84375	-0.00447407	-0.00668938	0.199107
1.86875	-0.00433117	-0.00607842	0.19968
1.89375	-0.00412049	-0.00506039	0.200495
1.91875	-0.0037634	-0.00437935	0.201455
1.94375	-0.00348452	-0.00429999	0.201823
1.96875	-0.00354602	-0.00470768	0.202402
1.99375	-0.00354602	-0.00470768	0.202402
2.01875	-0.00359252	-0.00400569	0.202362
2.04375	-0.00373342	-0.00432563	0.202828
2.06875	-0.00373342	-0.00432563	0.202828
2.09375	-0.00307212	-0.00434459	0.202517
2.11875	-0.00325888	-0.00434469	0.202961
2.14375	-0.00371711	-0.00407881	0.203264
2.16875	-0.00371711	-0.00407881	0.203264
2.19375	-0.00380476	-0.00419304	0.202737
2.21875	-0.00380476	-0.00419304	0.202737
2.24375	-0.00393688	-0.00556058	0.201089
2.26875	-0.00406106	-0.00670599	0.199911
2.29375	-0.00406106	-0.00670599	0.199911
2.31875	-0.00435022	-0.0081498	0.198243
2.34375	-0.00458916	-0.00946701	0.197514
2.36875	-0.00473538	-0.00944392	0.19675
2.39375	-0.00564022	-0.0102627	0.196441
2.41875	-0.00550953	-0.0103913	0.196376
2.44375	-0.00550953	-0.0103913	0.196376
2.46875	-0.00617833	-0.0107165	0.195846
2.49375	-0.00617833	-0.0107165	0.195846
2.51875	-0.00650598	-0.0103099	0.195659
2.54375	-0.00616594	-0.00987903	0.195973
2.56875	-0.00605527	-0.00930706	0.197101
2.59375	-0.00618487	-0.00766385	0.198876
2.61875	-0.00619036	-0.00660913	0.199673
2.64375	-0.00619036	-0.00660913	0.199673
2.66875	-0.00556752	-0.00542281	0.201328
2.69375	-0.00536221	-0.00545719	0.201531
2.71875	-0.00548137	-0.00560677	0.201982
2.74375	-0.00570641	-0.00557603	0.202551
2.76875	-0.0063113	-0.00600529	0.203158
2.79375	-0.0063113	-0.00600529	0.203158
2.81875	-0.00651766	-0.0058644	0.203357
2.84375	-0.00650286	-0.00568756	0.203173
2.86875	-0.00650286	-0.00568756	0.203173
2.89375	-0.00629417	-0.00563397	0.203485
2.91875	-0.00629417	-0.00563397	0.203485
2.94375	-0.00631392	-0.00589647	0.203024
2.96875	-0.00631392	-0.00589647	0.203024
2.99375	-0.00645157	-0.00687993	0.20222
3.01875	-0.00640823	-0.00858865	0.200402
3.04375	-0.00641831	-0.0100568	0.198866
3.06875	-0.00641831	-0.0100568	0.198866
3.09375	-0.00643191	-0.0111373	0.198172
3.11875	-0.0062753	-0.0119861	0.197594
3.14375	-0.0059422	-0.0128904	0.196916
3.16875	-0.00540682	-0.0146043	0.196464
3.19375	-0.00583083	-0.015027	0.196155
3.21875	-0.00597947	-0.0150073	0.196074
3.24375	-0.00610044	-0.0149377	0.196574
3.26875	-0.00588249	-0.0149037	0.196416
3.29375	-0.00588249	-0.0149037	0.196416
3.31875	-0.00589243	-0.0145726	0.196905
3.34375	-0.00589243	-0.0145726	0.196905
3.36875	-0.00616232	-0.0136157	0.197818
3.39375	-0.00606099	-0.012858	0.198801
3.41875	-0.00609886	-0.0117513	0.199738
3.44375	-0.00609886	-0.0117513	0.199738
3.46875	-0.00590724	-0.011232	0.200501
3.49375	-0.00586196	-0.0112196	0.201229
3.51875	-0.00626655	-0.0114272	0.20254
3.54375	-0.0060561	-0.011301	0.202694
3.56875	-0.0060561	-0.011301	0.202694
3.59375	-0.00630734	-0.0113275	0.20282
3.61875	-0.00641362	-0.0110139	0.202793
3.64375	-0.00641362	-0.0110139	0.202793
3.66875	-0.00637279	-0.0109785	0.202702
3.69375	-0.00673827	-0.0113474	0.203007
3.71875	-0.00653875	-0.0125984	0.201343
3.74375	-0.00653875	-0.0125984	0.201343
3.76875	-0.00658255	-0.0138176	0.200487
3.79375	-0.00650526	-0.014444	0.199661
3.81875	-0.00630497	-0.0155411	0.198154
3.84375	-0.00673473	-0.0160489	0.197623
3.86875	-0.00683094	-0.016666	0.197151
3.89375	-0.00720669	-0.0168422	0.196526
3.91875	-0.00677424	-0.0168261	0.196072
3.94375	-0.00677424	-0.0168261	0.196072
3.96875	-0.00746686	-0.0175534	0.195989
3.99375	-0.00748113	-0.0180168	0.196419
4.01875	-0.00681761	-0.0177081	0.196102
4.04375	-0.00647508	-0.0172662	0.197168
4.06875	-0.0062874	-0.0166454	0.198059
4.09375	-0.00638637	-0.0163607	0.198875
4.11875	-0.00638637	-0.0163607	0.198875
4.14375	-0.00649219	-0.0154967	0.200912
4.16875	-0.00656444	-0.0152198	0.201095
4.19375	-0.00669089	-0.0152321	0.201508
4.21875	-0.00661357	-0.014936	0.202256
4.24375	-0.00661357	-0.014936	0.202256
4.26875	-0.00667957	-0.0148712	0.202665
4.29375	-0.00652158	-0.0144539	0.202818
4.31875	-0.00652158	-0.0144539	0.202818
4.34375	-0.00685158	-0.014919	0.202871
4.36875	-0.0073088	-0.0148537	0.203031
4.39375	-0.00752764	-0.0147912	0.202915
4.41875	-0.00752764	-0.0147912	0.202915
4.44375	-0.00771527	-0.0150608	0.202905
4.46875	-0.00772872	-0.0156934	0.20264
4.49375	-0.00786885	-0.0164265	0.201668
4.51875	-0.00775979	-0.0182525	0.200078
4.54375	-0.00775979	-0.0182525	0.200078
4.56875	-0.0077172	-0.0194997	0.199295
4.59375	-0.00763878	-0.020386	0.198306
4.61875	-0.00745747	-0.0212701	0.198056
4.64375	-0.00722364	-0.0222549	0.197715
4.66875	-0.00696193	-0.0231537	0.196995
4.69375	-0.00727626	-0.0235169	0.196545
4.71875	-0.00723863	-0.023577	0.19642
4.74375	-0.00723863	-0.023577	0.19642
4.76875	-0.00784121	-0.0232636	0.196499
4.79375	-0.00784121	-0.0232636	0.196499
4.81875	-0.00828116	-0.0231737	0.196365
4.84375	-0.00834715	-0.0230193	0.196882
4.86875	-0.00834715	-0.0230193	0.196882
4.89375	-0.00833996	-0.0218829	0.198096
4.91875	-0.00833996	-0.0218829	0.198096
4.94375	-0.00813546	-0.021435	0.199741
4.96875	-0.00796556	-0.0204119	0.200266
4.99375	-0.00796556	-0.0204119	0.200266
5.01875	-0.00818004	-0.0202457	0.201721
5.04375	-0.00818004	-0.0202457	0.201721
5.06875	-0.00830917	-0.0199796	0.202333
5.09375	-0.00830917	-0.0199796	0.202333
5.11875	-0.00807095	-0.0204274	0.202132
5.14375	-0.00795341	-0.0206209	0.202701
5.16875	-0.00758061	-0.0206958	0.203231
5.19375	-0.00758061	-0.0206958	0.203231
5.21875	-0.00762441	-0.0211086	0.202846
5.24375	-0.00779345	-0.0215272	0.202053
5.26875	-0.00770881	-0.0231056	0.200717
5.29375	-0.00770881	-0.0231056	0.200717
5.31875	-0.00770881	-0.0231056	0.200717
5.34375	-0.00786288	-0.0261251	0.198254
5.36875	-0.00786288	-0.0261251	0.198254
5.39375	-0.0078536	-0.0267609	0.196962
5.41875	-0.00766357	-0.02726	0.196194
5.44375	-0.00766357	-0.02726	0.196194
5.46875	-0.00823668	-0.027374	0.196514
5.49375	-0.00810665	-0.0270929	0.1965
5.51875	-0.00865176	-0.0276171	0.196276
5.54375	-0.00862098	-0.0276285	0.196693
5.56875	-0.00862098	-0.0276285	0.196693
5.59375	-0.00888759	-0.0259959	0.198546
5.61875	-0.00888759	-0.0259959	0.198546
5.64375	-0.00816504	-0.0249376	0.199444
5.66875	-0.00843203	-0.024484	0.200058
5.69375	-0.00843203	-0.024484	0.200058
5.71875	-0.00815403	-0.0240798	0.20103
5.74375	-0.00815403	-0.0240798	0.20103
5.76875	-0.0081851	-0.0235016	0.20197
5.79375	-0.00797429	-0.0238938	0.202832
5.81875	-0.00814281	-0.0251374	0.20298
5.84375	-0.00832585	-0.0249428	0.203124
5.86875	-0.00867875	-0.0253087	0.202841
5.89375	-0.00867875	-0.0253087	0.202841
5.91875	-0.00877279	-0.0254557	0.203257
5.94375	-0.00840127	-0.0253592	0.20289
5.96875	-0.00840127	-0.0253592	0.20289
5.99375	-0.00840127	-0.0253592	0.20289
