1.01875	1.86265e-08	3.72529e-08	0.24425
1.04375	-0.0180808	0.0490221	0.20818
1.06875	-0.0180808	0.0490221	0.20818
1.09375	-0.0200508	0.0526019	0.213072
1.11875	-0.0200508	0.0526019	0.213072
1.14375	-0.022312	0.0550885	0.208239
1.16875	-0.0266941	0.0532351	0.202559
1.19375	-0.0262775	0.0482233	0.19855
1.21875	-0.0228856	0.0424544	0.199585
1.24375	-0.0160314	0.0362393	0.198083
1.26875	-0.00796232	0.0323118	0.196396
1.29375	-0.00145072	0.0293798	0.19414
1.31875	-0.00145072	0.0293798	0.19414
1.34375	0.00447155	0.0204759	0.19396
1.36875	0.00297384	0.0125248	0.196188
1.39375	-0.00182871	-0.00646369	0.204333
1.41875	-0.0109315	0.00751036	0.204076
1.44375	-0.0109315	0.00751036	0.204076
1.46875	-0.0109315	0.00751036	0.204076
1.49375	-0.0109315	0.00751036	0.204076
1.51875	-0.0109315	0.00751036	0.204076
1.54375	-0.0165699	0.038143	0.20177
1.56875	-0.0161333	0.0351953	0.199623
1.59375	-0.0166119	0.0365309	0.205564
1.61875	-0.016009	0.0374667	0.210536
1.64375	-0.016009	0.0374667	0.210536
1.66875	-0.0142805	0.0343736	0.212097
1.69375	-0.0122569	0.0288868	0.2096
1.71875	-0.00896161	0.0251484	0.209463
1.74375	-0.00896161	0.0251484	0.209463
1.76875	-0.00579327	0.0253028	0.211585
1.79375	-0.00350552	0.0332195	0.215687
1.81875	-0.00350552	0.0332195	0.215687
1.84375	-0.00897807	0.0389825	0.205341
1.86875	-0.00897807	0.0389825	0.205341
1.89375	-0.0155799	0.0364609	0.202225
1.91875	-0.0149717	0.0355782	0.201214
1.94375	-0.0142932	0.0319639	0.198845
1.96875	-0.0142932	0.0319639	0.198845
1.99375	-0.0128119	0.0235393	0.197135
2.01875	-0.0128119	0.0235393	0.197135
2.04375	-0.00925745	0.0136344	0.197239
2.06875	-0.00246416	0.0038006	0.195566
2.09375	-0.00246416	0.0038006	0.195566
2.11875	0.00480071	-0.00474384	0.19265
2.14375	0.00480071	-0.00474384	0.19265
2.16875	0.00269511	-0.0101444	0.197937
2.19375	0.00269511	-0.0101444	0.197937
2.21875	-0.00352287	-0.00804256	0.203943
2.24375	-0.00643868	0.0101389	0.202143
2.26875	-0.00643868	0.0101389	0.202143
2.29375	-0.0118438	0.0268509	0.200356
2.31875	-0.01309	0.0278968	0.2063
2.34375	-0.01309	0.0278968	0.2063
2.36875	-0.0143278	0.0292889	0.212751
2.39375	-0.0150714	0.0294768	0.215791
2.41875	-0.0150714	0.0294768	0.215791
2.44375	-0.0147389	0.0269228	0.215998
2.46875	-0.0123565	0.0227134	0.215041
2.49375	-0.00997226	0.0218179	0.215185
2.51875	-0.00997226	0.0218179	0.215185
2.54375	-0.00926253	0.0251316	0.221383
2.56875	-0.00926253	0.0251316	0.221383
2.59375	-0.00747864	0.027854	0.224889
2.61875	-0.00485196	0.0277477	0.221047
2.64375	-0.00973876	0.0248807	0.204955
2.66875	-0.0118128	0.0231599	0.200999
2.69375	-0.0102881	0.015498	0.198184
2.71875	-0.00838284	0.00803286	0.196705
2.74375	-0.00422847	-0.00072981	0.19817
2.76875	-0.00422847	-0.00072981	0.19817
2.79375	0.00656682	-0.0149554	0.197625
2.81875	0.011524	-0.0244295	0.194927
2.84375	0.011524	-0.0244295	0.194927
2.86875	0.0174609	-0.0364902	0.190987
2.89375	0.0200151	-0.0483367	0.19361
2.91875	0.0197418	-0.0432438	0.202674
2.94375	0.0174099	-0.0219836	0.203736
2.96875	0.0125182	0.00268316	0.202344
2.99375	0.00894364	0.0230189	0.201278
3.01875	0.00894364	0.0230189	0.201278
3.04375	0.00893	0.0239992	0.200679
3.06875	0.00874498	0.0232768	0.200421
3.09375	0.00874498	0.0232768	0.200421
3.11875	0.00883451	0.0265161	0.206141
3.14375	0.0105394	0.0272764	0.209514
3.16875	0.0105394	0.0272764	0.209514
3.19375	0.0127614	0.0244962	0.210112
3.21875	0.0151034	0.0198963	0.208056
3.24375	0.0151034	0.0198963	0.208056
3.26875	0.0185883	0.0157706	0.207172
3.29375	0.0215969	0.0183405	0.212939
3.31875	0.025439	0.0191059	0.219361
3.34375	0.0275261	0.0202697	0.221207
3.36875	0.0248605	0.0171297	0.216128
3.39375	0.0167831	0.0120901	0.207562
3.41875	0.0101513	0.0107828	0.203195
3.44375	0.0101513	0.0107828	0.203195
3.46875	0.0114817	0.0077327	0.198786
3.49375	0.0114817	0.0077327	0.198786
3.51875	0.0136903	0.00140141	0.197744
3.54375	0.0200044	-0.00522599	0.196254
3.56875	0.0200044	-0.00522599	0.196254
3.59375	0.0276222	-0.0106016	0.195009
3.61875	0.0276222	-0.0106016	0.195009
3.64375	0.0347405	-0.0146099	0.19345
3.66875	0.0347405	-0.0146099	0.19345
3.69375	0.0330345	-0.0162524	0.197572
3.71875	0.0258119	-0.0186485	0.202292
3.74375	0.0186498	-0.0104204	0.204569
3.76875	0.0146244	0.0031697	0.200892
3.79375	0.0144674	0.0040331	0.200936
3.81875	0.0142499	0.00552958	0.20248
3.84375	0.0142499	0.00552958	0.20248
3.86875	0.0144834	0.00656497	0.211056
3.89375	0.0144834	0.00656497	0.211056
3.91875	0.0158127	0.00623734	0.213001
3.94375	0.0181538	0.00272293	0.211811
3.96875	0.0181538	0.00272293	0.211811
3.99375	0.0221019	-0.00159106	0.210392
4.01875	0.0221019	-0.00159106	0.210392
4.04375	0.0256228	-0.00301507	0.213649
4.06875	0.0256228	-0.00301507	0.213649
4.09375	0.0296529	0.00950172	0.212672
4.11875	0.0296529	0.00950172	0.212672
4.14375	0.0240466	0.00808287	0.206213
4.16875	0.0181612	0.00505665	0.202119
4.19375	0.019554	0.00120031	0.198923
4.21875	0.022093	-0.00683497	0.196608
4.24375	0.022093	-0.00683497	0.196608
4.26875	0.0262595	-0.0202809	0.19925
4.29375	0.0262595	-0.0202809	0.19925
4.31875	0.0310418	-0.0301034	0.199323
4.34375	0.0395494	-0.0377397	0.198593
4.36875	0.0395494	-0.0377397	0.198593
4.39375	0.0468911	-0.0469572	0.194508
4.41875	0.0469094	-0.058459	0.194365
4.44375	0.0431041	-0.0694558	0.197917
4.46875	0.0375672	-0.0692012	0.201796
4.49375	0.0378474	-0.0505054	0.200883
4.51875	0.0378474	-0.0505054	0.200883
4.54375	0.0303939	-0.0115086	0.200774
4.56875	0.0303939	-0.0115086	0.200774
4.59375	0.0304637	-0.012223	0.200421
4.61875	0.0320974	-0.0130481	0.208229
4.64375	0.0320974	-0.0130481	0.208229
4.66875	0.0338341	-0.0123999	0.215084
4.69375	0.0338341	-0.0123999	0.215084
4.71875	0.0369301	-0.0183791	0.212929
4.74375	0.0393218	-0.0189391	0.216419
4.76875	0.0393218	-0.0189391	0.216419
4.79375	0.0406273	-0.0203498	0.218085
4.81875	0.0406273	-0.0203498	0.218085
4.84375	0.0409912	-0.0161154	0.22362
4.86875	0.0409912	-0.0161154	0.22362
4.89375	0.0420191	-0.0124322	0.223129
4.91875	0.0434996	-0.00918287	0.213989
4.94375	0.0434996	-0.00918287	0.213989
4.96875	0.0373601	-0.0125104	0.20263
4.99375	0.0371869	-0.0194551	0.197073
5.01875	0.0371869	-0.0194551	0.197073
5.04375	0.0418779	-0.0265318	0.197386
5.06875	0.0488175	-0.0339258	0.19554
5.09375	0.0488175	-0.0339258	0.19554
5.11875	0.0557738	-0.0398929	0.192163
5.14375	0.0600728	-0.0449589	0.189293
5.16875	0.0606445	-0.0530029	0.190237
5.19375	0.0606445	-0.0530029	0.190237
5.21875	0.0561797	-0.0582926	0.198359
5.24375	0.0561797	-0.0582926	0.198359
5.26875	0.050223	-0.0582121	0.201942
5.29375	0.050223	-0.0582121	0.201942
5.31875	0.0465141	-0.0400174	0.201414
5.34375	0.0465141	-0.0400174	0.201414
5.36875	0.0434752	-0.0210897	0.203207
5.39375	0.0434752	-0.0210897	0.203207
5.41875	0.0460075	-0.0183195	0.21207
5.44375	0.0460075	-0.0183195	0.21207
5.46875	0.0483898	-0.0168113	0.219941
5.49375	0.050273	-0.0176387	0.22304
5.51875	0.050273	-0.0176387	0.22304
5.54375	0.0521327	-0.0211999	0.222461
5.56875	0.0521327	-0.0211999	0.222461
5.59375	0.0518774	-0.0168235	0.227901
5.61875	0.0518774	-0.0168235	0.227901
5.64375	0.0538178	-0.0172056	0.222731
5.66875	0.0538178	-0.0172056	0.222731
5.69375	0.0563022	-0.0185734	0.212401
5.71875	0.0517964	-0.0215759	0.204468
5.74375	0.0517964	-0.0215759	0.204468
5.76875	0.0507265	-0.0271981	0.197904
5.79375	0.0507265	-0.0271981	0.197904
5.81875	0.0551825	-0.0336889	0.197993
5.84375	0.0628996	-0.0403347	0.195152
5.86875	0.0698111	-0.0459525	0.191563
5.89375	0.0698111	-0.0459525	0.191563
5.91875	0.0708777	-0.051736	0.191316
5.94375	0.067837	-0.0543971	0.198762
5.96875	0.0621284	-0.0572879	0.202346
5.99375	0.0621284	-0.0572879	0.202346
