1.01875	1.86265e-08	3.72529e-08	0.24425
1.04375	-0.290442	0.0190712	0.143138
1.06875	-0.290442	0.0190712	0.143138
1.09375	-0.290442	0.0190712	0.143138
1.11875	-0.318845	0.020169	0.128391
1.14375	-0.314857	0.0215364	0.150569
1.16875	-0.314857	0.0215364	0.150569
1.19375	-0.309781	0.0199749	0.183983
1.21875	-0.303962	0.0121243	0.209378
1.24375	-0.303962	0.0121243	0.209378
1.26875	-0.30137	0.00487593	0.237815
1.29375	-0.295711	-0.00299427	0.248814
1.31875	-0.295711	-0.00299427	0.248814
1.34375	-0.274083	-0.0178879	0.228032
1.36875	-0.262136	-0.0218604	0.225022
1.39375	-0.253236	-0.0221146	0.226793
1.41875	-0.248659	-0.0177613	0.23493
1.44375	-0.248631	-0.0136046	0.245259
1.46875	-0.253491	-0.0115451	0.256634
1.49375	-0.264176	-0.0167752	0.268879
1.51875	-0.281803	-0.030664	0.281398
1.54375	-0.281803	-0.030664	0.281398
1.56875	-0.306646	-0.0540812	0.291194
1.59375	-0.306646	-0.0540812	0.291194
1.61875	-0.340594	-0.0837475	0.286076
1.64375	-0.340594	-0.0837475	0.286076
1.66875	-0.375512	-0.114404	0.257394
1.69375	-0.41004	-0.145641	0.205838
1.71875	-0.41004	-0.145641	0.205838
1.74375	-0.41004	-0.145641	0.205838
1.76875	-0.461956	-0.160697	0.156672
1.79375	-0.461956	-0.160697	0.156672
1.81875	-0.510513	-0.172869	0.12135
1.84375	-0.529417	-0.210774	0.129767
1.86875	-0.529417	-0.210774	0.129767
1.89375	-0.538287	-0.222272	0.154118
1.91875	-0.5413	-0.22084	0.178668
1.94375	-0.543003	-0.220302	0.200693
1.96875	-0.543003	-0.220302	0.200693
1.99375	-0.544912	-0.220572	0.225621
2.01875	-0.546287	-0.220667	0.241049
2.04375	-0.546287	-0.220667	0.241049
2.06875	-0.54463	-0.218544	0.240947
2.09375	-0.540814	-0.215618	0.236563
2.11875	-0.540814	-0.215618	0.236563
2.14375	-0.533388	-0.210757	0.234057
2.16875	-0.523507	-0.203958	0.23509
2.19375	-0.523507	-0.203958	0.23509
2.21875	-0.51831	-0.200321	0.234045
2.24375	-0.51831	-0.200321	0.234045
2.26875	-0.520797	-0.203309	0.235362
2.29375	-0.520797	-0.203309	0.235362
2.31875	-0.549571	-0.228214	0.244185
2.34375	-0.578483	-0.250613	0.240294
2.36875	-0.619089	-0.282817	0.232859
2.39375	-0.619089	-0.282817	0.232859
2.41875	-0.667984	-0.321458	0.212009
2.44375	-0.718157	-0.350208	0.174725
2.46875	-0.718157	-0.350208	0.174725
2.49375	-0.777003	-0.351225	0.135515
2.51875	-0.801763	-0.367671	0.1274
2.54375	-0.801763	-0.367671	0.1274
2.56875	-0.802574	-0.376897	0.146589
2.59375	-0.796189	-0.36814	0.165323
2.61875	-0.796189	-0.36814	0.165323
2.64375	-0.796189	-0.36814	0.165323
2.66875	-0.786744	-0.354521	0.17923
2.69375	-0.786744	-0.354521	0.17923
2.71875	-0.782431	-0.347196	0.194211
2.74375	-0.782237	-0.347355	0.197451
2.76875	-0.782733	-0.348605	0.215854
2.79375	-0.782592	-0.349664	0.234948
2.81875	-0.780373	-0.349603	0.236909
2.84375	-0.780373	-0.349603	0.236909
2.86875	-0.774209	-0.346825	0.234762
2.89375	-0.763714	-0.342382	0.23194
2.91875	-0.748834	-0.336569	0.231556
2.94375	-0.736807	-0.334253	0.231902
2.96875	-0.733127	-0.332703	0.240178
2.99375	-0.732479	-0.33771	0.247541
3.01875	-0.733932	-0.351555	0.257119
3.04375	-0.738238	-0.373239	0.265371
3.06875	-0.74608	-0.405177	0.271349
3.09375	-0.759622	-0.4492	0.273049
3.11875	-0.777332	-0.499654	0.26068
3.14375	-0.803304	-0.536758	0.243212
3.16875	-0.803304	-0.536758	0.243212
3.19375	-0.840981	-0.559686	0.220465
3.21875	-0.887484	-0.580644	0.180938
3.24375	-0.947715	-0.596117	0.13046
3.26875	-0.957296	-0.611679	0.124673
3.29375	-0.953766	-0.626566	0.136041
3.31875	-0.953766	-0.626566	0.136041
3.34375	-0.945901	-0.644528	0.148226
3.36875	-0.9528	-0.653467	0.165454
3.39375	-0.9528	-0.653467	0.165454
3.41875	-0.95798	-0.648015	0.181491
3.44375	-0.95798	-0.648015	0.181491
3.46875	-0.96359	-0.642034	0.189071
3.49375	-0.967788	-0.638375	0.201158
3.51875	-0.967788	-0.638375	0.201158
3.54375	-0.969268	-0.63632	0.22286
3.56875	-0.969773	-0.636613	0.237744
3.59375	-0.968407	-0.633279	0.237389
3.61875	-0.968407	-0.633279	0.237389
3.64375	-0.968407	-0.633279	0.237389
3.66875	-0.963673	-0.626462	0.233638
3.69375	-0.948102	-0.606498	0.230574
3.71875	-0.944948	-0.603826	0.232607
3.74375	-0.944948	-0.603826	0.232607
3.76875	-0.941919	-0.602405	0.234396
3.79375	-0.943534	-0.608047	0.240751
3.81875	-0.943534	-0.608047	0.240751
3.84375	-0.949996	-0.619689	0.247234
3.86875	-0.949996	-0.619689	0.247234
3.89375	-0.96324	-0.63945	0.24818
3.91875	-0.96324	-0.63945	0.24818
3.94375	-0.984245	-0.669003	0.247144
3.96875	-0.984245	-0.669003	0.247144
3.99375	-1.01307	-0.711383	0.245898
4.01875	-1.04776	-0.761393	0.23287
4.04375	-1.04776	-0.761393	0.23287
4.06875	-1.08178	-0.812635	0.200449
4.09375	-1.13012	-0.850158	0.164793
4.11875	-1.13012	-0.850158	0.164793
4.14375	-1.15552	-0.859547	0.14677
4.16875	-1.15725	-0.852889	0.172636
4.19375	-1.15952	-0.846261	0.195402
4.21875	-1.15952	-0.846261	0.195402
4.24375	-1.16137	-0.84089	0.207085
4.26875	-1.16458	-0.834299	0.230554
4.29375	-1.16336	-0.830183	0.232449
4.31875	-1.16016	-0.825123	0.230347
4.34375	-1.15336	-0.818613	0.227735
4.36875	-1.13298	-0.808052	0.227773
4.39375	-1.13298	-0.808052	0.227773
4.41875	-1.12015	-0.805004	0.228455
4.44375	-1.10849	-0.803978	0.229019
4.46875	-1.10395	-0.809484	0.232308
4.49375	-1.10673	-0.820613	0.239304
4.51875	-1.11581	-0.830375	0.250377
4.54375	-1.11581	-0.830375	0.250377
4.56875	-1.13076	-0.848997	0.26138
4.59375	-1.13076	-0.848997	0.26138
4.61875	-1.13076	-0.848997	0.26138
4.64375	-1.15247	-0.877724	0.268527
4.66875	-1.15247	-0.877724	0.268527
4.69375	-1.22122	-0.960227	0.251425
4.71875	-1.26166	-0.998947	0.221055
4.74375	-1.31291	-1.01724	0.187201
4.76875	-1.31291	-1.01724	0.187201
4.79375	-1.37511	-1.02531	0.142717
4.81875	-1.40205	-1.03985	0.128155
4.84375	-1.40156	-1.06323	0.140774
4.86875	-1.41044	-1.07525	0.157901
4.89375	-1.41139	-1.0708	0.181024
4.91875	-1.41139	-1.0708	0.181024
4.94375	-1.41259	-1.06834	0.191299
4.96875	-1.41259	-1.06834	0.191299
4.99375	-1.41394	-1.06626	0.192086
5.01875	-1.41407	-1.06395	0.203531
5.04375	-1.41405	-1.06451	0.223024
5.06875	-1.41478	-1.06629	0.232921
5.09375	-1.41245	-1.06515	0.232848
5.11875	-1.41245	-1.06515	0.232848
5.14375	-1.39782	-1.05706	0.230584
5.16875	-1.38488	-1.05105	0.230526
5.19375	-1.37311	-1.04715	0.228861
5.21875	-1.3669	-1.04787	0.230789
5.24375	-1.36662	-1.05478	0.235922
5.26875	-1.36662	-1.05478	0.235922
5.29375	-1.3721	-1.06789	0.242287
5.31875	-1.3721	-1.06789	0.242287
5.34375	-1.384	-1.0809	0.251403
5.36875	-1.384	-1.0809	0.251403
5.39375	-1.40418	-1.09568	0.256178
5.41875	-1.40418	-1.09568	0.256178
5.44375	-1.43449	-1.1191	0.259228
5.46875	-1.43449	-1.1191	0.259228
5.49375	-1.47426	-1.15251	0.258124
5.51875	-1.51774	-1.19063	0.240413
5.54375	-1.51774	-1.19063	0.240413
5.56875	-1.5638	-1.22117	0.208804
5.59375	-1.5638	-1.22117	0.208804
5.61875	-1.62193	-1.2223	0.187679
5.64375	-1.6751	-1.23976	0.156203
5.66875	-1.6751	-1.23976	0.156203
5.69375	-1.68413	-1.24387	0.166617
5.71875	-1.6833	-1.23915	0.194589
5.74375	-1.6833	-1.23915	0.194589
5.76875	-1.68026	-1.23342	0.237842
5.79375	-1.6773	-1.2303	0.242979
5.81875	-1.66403	-1.21914	0.235999
5.84375	-1.65278	-1.21248	0.232432
5.86875	-1.63811	-1.20579	0.229095
5.89375	-1.62619	-1.20495	0.227323
5.91875	-1.61961	-1.21248	0.225251
5.94375	-1.61406	-1.22535	0.226292
5.96875	-1.61406	-1.22535	0.226292
5.99375	-1.61274	-1.23512	0.234395
