1.01875	1.86265e-08	3.72529e-08	0.24425
1.04375	-0.00792054	-0.0133542	0.199534
1.06875	-0.00103731	-0.0144472	0.199685
1.09375	-0.00103731	-0.0144472	0.199685
1.11875	0.0016484	-0.0145881	0.199759
1.14375	0.000572827	-0.0143114	0.199577
1.16875	0.00062931	-0.0145923	0.19994
1.19375	0.0012053	-0.0141185	0.200167
1.21875	0.00133614	-0.0139047	0.201727
1.24375	0.00133614	-0.0139047	0.201727
1.26875	0.00690593	-0.00520386	0.20734
1.29375	0.00933464	-0.00147843	0.212139
1.31875	0.0161243	0.000657443	0.218089
1.34375	0.0114419	0.00186114	0.221792
1.36875	0.00430962	0.00452698	0.226396
1.39375	0.00430962	0.00452698	0.226396
1.41875	-0.00107398	0.0103953	0.220298
1.44375	-0.000698652	0.00677262	0.216283
1.46875	-0.00162484	-0.0014393	0.211611
1.49375	-0.002662	-0.0107993	0.205062
1.51875	-0.002662	-0.0107993	0.205062
1.54375	-0.00300827	-0.0166624	0.200837
1.56875	-0.00287752	-0.0167626	0.200462
1.59375	-0.0028419	-0.016117	0.202994
1.61875	-0.0028419	-0.016117	0.202994
1.64375	-0.00291523	-0.0139526	0.209244
1.66875	-0.0029409	-0.015695	0.203159
1.69375	-0.00378442	-0.0167634	0.192343
1.71875	-0.00378442	-0.0167634	0.192343
1.74375	-0.00485072	-0.0152571	0.193079
1.76875	-0.00485072	-0.0152571	0.193079
1.79375	-0.00663036	-0.0129378	0.200327
1.81875	-0.00861818	-0.0127315	0.202224
1.84375	-0.00932268	-0.0152106	0.199889
1.86875	-0.00388321	-0.0157012	0.198583
1.89375	-0.00354714	-0.0160867	0.199068
1.91875	-0.0032791	-0.0154135	0.199267
1.94375	-0.00349464	-0.0152991	0.199582
1.96875	-0.00349464	-0.0152991	0.199582
1.99375	-0.00349464	-0.0152991	0.199582
2.01875	-0.00389253	-0.0149496	0.200943
2.04375	-0.00389253	-0.0149496	0.200943
2.06875	-0.00283187	-0.0111051	0.20358
2.09375	0.00204942	-0.00864893	0.203367
2.11875	0.00592365	-0.00365093	0.210557
2.14375	0.00592365	-0.00365093	0.210557
2.16875	0.0039247	0.000984259	0.215784
2.19375	-0.000710849	0.00514281	0.216468
2.21875	-0.000710849	0.00514281	0.216468
2.24375	-0.00182934	0.00019436	0.210191
2.26875	-0.0020628	-0.00994654	0.204804
2.29375	-0.00273022	-0.0169255	0.20264
2.31875	-0.00273022	-0.0169255	0.20264
2.34375	-0.00273022	-0.0169255	0.20264
2.36875	-0.0022892	-0.0163332	0.200253
2.39375	-0.00211006	-0.0152821	0.202638
2.41875	-0.00211006	-0.0152821	0.202638
2.44375	-0.000854146	-0.0146155	0.203024
2.46875	-0.000429392	-0.013405	0.194921
2.49375	-0.000954688	-0.0109493	0.195697
2.51875	-0.000656527	-0.0110371	0.201476
2.54375	-0.000656527	-0.0110371	0.201476
2.56875	-0.0011706	-0.0126294	0.201972
2.59375	-0.0011706	-0.0126294	0.201972
2.61875	-0.0013641	-0.0140234	0.200051
2.64375	-0.00151319	-0.0148959	0.198585
2.66875	-0.00151587	-0.0149023	0.198743
2.69375	-0.00151587	-0.0149023	0.198743
2.71875	-0.00157577	-0.0149807	0.19994
2.74375	-0.00177529	-0.0146288	0.200753
2.76875	0.000230595	-0.0107903	0.20229
2.79375	0.000230595	-0.0107903	0.20229
2.81875	0.00312094	-0.00464527	0.207564
2.84375	0.00329046	-0.00110502	0.215315
2.86875	-0.000528045	0.00168984	0.219491
2.89375	-0.000528045	0.00168984	0.219491
2.91875	-0.00634541	0.00577246	0.222372
2.94375	-0.00634541	0.00577246	0.222372
2.96875	-0.0105257	0.00978785	0.219505
2.99375	-0.0105257	0.00978785	0.219505
3.01875	-0.0111427	0.00440346	0.214911
3.04375	-0.0115565	-0.0165785	0.204872
3.06875	-0.0123191	-0.0175889	0.201728
3.09375	-0.0122927	-0.0168074	0.201916
3.11875	-0.0125812	-0.016657	0.20439
3.14375	-0.0125812	-0.016657	0.20439
3.16875	-0.0124624	-0.0144153	0.206109
3.19375	-0.0124624	-0.0144153	0.206109
3.21875	-0.012528	-0.0120964	0.200008
3.24375	-0.012528	-0.0120964	0.200008
3.26875	-0.0133506	-0.0118263	0.191425
3.29375	-0.0142231	-0.00970364	0.194707
3.31875	-0.015192	-0.00861227	0.198167
3.34375	-0.016101	-0.0116647	0.198682
3.36875	-0.0113225	-0.0124576	0.197085
3.39375	-0.0102298	-0.0127757	0.198009
3.41875	-0.0103368	-0.0122375	0.199202
3.44375	-0.010479	-0.0118311	0.199746
3.46875	-0.0107428	-0.0115708	0.200559
3.49375	-0.0107428	-0.0115708	0.200559
3.51875	-0.00982798	-0.0105989	0.204923
3.54375	-0.00982798	-0.0105989	0.204923
3.56875	-0.00982798	-0.0105989	0.204923
3.59375	-0.0060328	-0.00494332	0.205525
3.61875	-0.00369742	-0.000542141	0.209389
3.64375	-0.00369742	-0.000542141	0.209389
3.66875	-0.00805942	0.00272968	0.215075
3.69375	-0.0122804	0.0066113	0.217652
3.71875	-0.0122804	0.0066113	0.217652
3.74375	-0.0136893	0.00478872	0.212272
3.76875	-0.0137622	-0.00424268	0.207713
3.79375	-0.0134376	-0.0127475	0.204262
3.81875	-0.0134376	-0.0127475	0.204262
3.84375	-0.013282	-0.0123454	0.20171
3.86875	-0.013282	-0.0123454	0.20171
3.89375	-0.0131993	-0.0127675	0.201175
3.91875	-0.0130371	-0.0112869	0.203145
3.94375	-0.0127432	-0.00934659	0.201871
3.96875	-0.0128773	-0.00955091	0.192313
3.99375	-0.0128773	-0.00955091	0.192313
4.01875	-0.0135539	-0.0101412	0.187196
4.04375	-0.0162715	-0.007012	0.195161
4.06875	-0.0182561	-0.00656749	0.200295
4.09375	-0.0203239	-0.00789842	0.200179
4.11875	-0.0203239	-0.00789842	0.200179
4.14375	-0.0191929	-0.00981107	0.199075
4.16875	-0.0143566	-0.0106463	0.198031
4.19375	-0.0143566	-0.0106463	0.198031
4.21875	-0.0139905	-0.0102227	0.198669
4.24375	-0.0144466	-0.0101088	0.198912
4.26875	-0.0144466	-0.0101088	0.198912
4.29375	-0.0141939	-0.00825293	0.202484
4.31875	-0.0141939	-0.00825293	0.202484
4.34375	-0.0105088	-0.00329637	0.203707
4.36875	-0.00843925	0.00296061	0.210231
4.39375	-0.0109674	0.00814009	0.216815
4.41875	-0.0164014	0.0141057	0.22007
4.44375	-0.0164014	0.0141057	0.22007
4.46875	-0.0164014	0.0141057	0.22007
4.49375	-0.019945	0.00943299	0.214853
4.51875	-0.0201537	0.00179394	0.209469
4.54375	-0.0201537	0.00179394	0.209469
4.56875	-0.020597	-0.00825226	0.204368
4.59375	-0.0210471	-0.0125815	0.202504
4.61875	-0.0210471	-0.0125815	0.202504
4.64375	-0.0209594	-0.0112879	0.202543
4.66875	-0.0210574	-0.00880394	0.207165
4.69375	-0.0210574	-0.00880394	0.207165
4.71875	-0.020258	-0.00686059	0.205662
4.74375	-0.020258	-0.00686059	0.205662
4.76875	-0.020798	-0.00555687	0.199958
4.79375	-0.0216718	-0.00526162	0.202264
4.81875	-0.0216718	-0.00526162	0.202264
4.84375	-0.0224495	-0.00714922	0.203503
4.86875	-0.023471	-0.00882356	0.201963
4.89375	-0.0236733	-0.00951272	0.200576
4.91875	-0.0202486	-0.0100531	0.199218
4.94375	-0.01969	-0.0101086	0.199245
4.96875	-0.0199869	-0.0101199	0.199606
4.99375	-0.0203347	-0.00995519	0.199754
5.01875	-0.0203347	-0.00995519	0.199754
5.04375	-0.0206161	-0.00914254	0.201107
5.06875	-0.0191608	-0.00501898	0.20354
5.09375	-0.0191608	-0.00501898	0.20354
5.11875	-0.0172069	0.000782833	0.208691
5.14375	-0.0172069	0.000782833	0.208691
5.16875	-0.0195792	0.00599535	0.215218
5.19375	-0.024195	0.0119367	0.2191
5.21875	-0.024195	0.0119367	0.2191
5.24375	-0.0268986	0.0134702	0.215204
5.26875	-0.0286299	0.00487425	0.208481
5.29375	-0.0286299	0.00487425	0.208481
5.31875	-0.0314548	-0.00542476	0.203845
5.34375	-0.0316858	-0.00657258	0.200897
5.36875	-0.0316858	-0.00657258	0.200897
5.39375	-0.0309235	-0.00544564	0.203955
5.41875	-0.0304284	-0.0040588	0.205298
5.44375	-0.0304284	-0.0040588	0.205298
5.46875	-0.0298789	-0.00301773	0.199251
5.49375	-0.029834	-0.00466517	0.190107
5.51875	-0.0298922	-0.00579166	0.188757
5.54375	-0.0304141	-0.00341541	0.194004
5.56875	-0.0315841	-0.0039582	0.200838
5.59375	-0.0323469	-0.00437648	0.200398
5.61875	-0.0323469	-0.00437648	0.200398
5.64375	-0.0332281	-0.00458687	0.199663
5.66875	-0.0324003	-0.00582399	0.199414
5.69375	-0.0323123	-0.00587165	0.199519
5.71875	-0.0323123	-0.00587165	0.199519
5.74375	-0.0324896	-0.00579271	0.199754
5.76875	-0.0315052	-0.00571113	0.200033
5.79375	-0.0300093	-0.00319384	0.202808
5.81875	-0.0248712	0.00172927	0.206298
5.84375	-0.0219362	0.00529543	0.213397
5.86875	-0.0219362	0.00529543	0.213397
5.89375	-0.015168	0.00712998	0.219313
5.91875	-0.015168	0.00712998	0.219313
5.94375	-0.0260111	0.0144149	0.224417
5.96875	-0.0274295	0.0191314	0.221569
5.99375	-0.0276729	0.0145781	0.214525
