1.01875	1.86265e-08	3.72529e-08	0.24425
1.04375	1.86265e-08	3.72529e-08	0.24425
1.06875	-0.270346	-0.0973631	0.145508
1.09375	-0.265189	-0.0925407	0.164371
1.11875	-0.265189	-0.0925407	0.164371
1.14375	-0.252483	-0.0789304	0.183366
1.16875	-0.245475	-0.0740774	0.185791
1.19375	-0.245475	-0.0740774	0.185791
1.21875	-0.242371	-0.069628	0.189978
1.24375	-0.242371	-0.069628	0.189978
1.26875	-0.238796	-0.0653988	0.203508
1.29375	-0.236251	-0.0637132	0.223994
1.31875	-0.236251	-0.0637132	0.223994
1.34375	-0.233631	-0.0627069	0.236196
1.36875	-0.227265	-0.0586971	0.236959
1.39375	-0.215509	-0.0493384	0.235618
1.41875	-0.199685	-0.0392501	0.234185
1.44375	-0.186631	-0.0353917	0.230737
1.46875	-0.186631	-0.0353917	0.230737
1.49375	-0.18394	-0.0302666	0.238084
1.51875	-0.182975	-0.0394616	0.254694
1.54375	-0.18352	-0.0553737	0.261464
1.56875	-0.186618	-0.0788953	0.261753
1.59375	-0.186618	-0.0788953	0.261753
1.61875	-0.193056	-0.111996	0.259548
1.64375	-0.206806	-0.151986	0.25936
1.66875	-0.23771	-0.246281	0.211649
1.69375	-0.274219	-0.282579	0.172809
1.71875	-0.274219	-0.282579	0.172809
1.74375	-0.330011	-0.338944	0.125805
1.76875	-0.324368	-0.381309	0.135078
1.79375	-0.324368	-0.381309	0.135078
1.81875	-0.318048	-0.36309	0.159033
1.84375	-0.318048	-0.36309	0.159033
1.86875	-0.321161	-0.348955	0.170521
1.89375	-0.323277	-0.335019	0.176098
1.91875	-0.323795	-0.331466	0.18497
1.94375	-0.323795	-0.331466	0.18497
1.96875	-0.32903	-0.332435	0.196091
1.99375	-0.332656	-0.333096	0.210511
2.01875	-0.332201	-0.334295	0.231697
2.04375	-0.332201	-0.334295	0.231697
2.06875	-0.330957	-0.334884	0.241745
2.09375	-0.330957	-0.334884	0.241745
2.11875	-0.32866	-0.331793	0.238383
2.14375	-0.325616	-0.325632	0.233248
2.16875	-0.325616	-0.325632	0.233248
2.19375	-0.322664	-0.313281	0.238971
2.21875	-0.322664	-0.313281	0.238971
2.24375	-0.32097	-0.29983	0.241338
2.26875	-0.320872	-0.292695	0.241584
2.29375	-0.320872	-0.292695	0.241584
2.31875	-0.320872	-0.292695	0.241584
2.34375	-0.32249	-0.291946	0.241562
2.36875	-0.327961	-0.300119	0.245306
2.39375	-0.334772	-0.317658	0.254779
2.41875	-0.334772	-0.317658	0.254779
2.44375	-0.344219	-0.342971	0.263016
2.46875	-0.356741	-0.379676	0.271635
2.49375	-0.371826	-0.427612	0.277322
2.51875	-0.371826	-0.427612	0.277322
2.54375	-0.387406	-0.478486	0.265488
2.56875	-0.402857	-0.529782	0.23415
2.59375	-0.402857	-0.529782	0.23415
2.61875	-0.41137	-0.585146	0.190826
2.64375	-0.410076	-0.64159	0.150622
2.66875	-0.410076	-0.64159	0.150622
2.69375	-0.420213	-0.644997	0.162066
2.71875	-0.427024	-0.637828	0.18462
2.74375	-0.430398	-0.631995	0.200209
2.76875	-0.430398	-0.631995	0.200209
2.79375	-0.430851	-0.6264	0.221601
2.81875	-0.431984	-0.622234	0.237353
2.84375	-0.430864	-0.616369	0.238694
2.86875	-0.425873	-0.60786	0.235683
2.89375	-0.418442	-0.597482	0.232659
2.91875	-0.409416	-0.58647	0.230361
2.94375	-0.401406	-0.579562	0.231353
2.96875	-0.400509	-0.576056	0.232934
2.99375	-0.400509	-0.576056	0.232934
3.01875	-0.406585	-0.577536	0.236811
3.04375	-0.418375	-0.582891	0.240339
3.06875	-0.418375	-0.582891	0.240339
3.09375	-0.437632	-0.592867	0.243633
3.11875	-0.437632	-0.592867	0.243633
3.14375	-0.467211	-0.60782	0.242232
3.16875	-0.467211	-0.60782	0.242232
3.19375	-0.467211	-0.60782	0.242232
3.21875	-0.509314	-0.6295	0.239472
3.24375	-0.564358	-0.658723	0.230393
3.26875	-0.564358	-0.658723	0.230393
3.29375	-0.622247	-0.689192	0.202324
3.31875	-0.622247	-0.689192	0.202324
3.34375	-0.68097	-0.704406	0.167448
3.36875	-0.68097	-0.704406	0.167448
3.39375	-0.726806	-0.704914	0.140069
3.41875	-0.720484	-0.701725	0.153737
3.44375	-0.713009	-0.693108	0.179629
3.46875	-0.713009	-0.693108	0.179629
3.49375	-0.705237	-0.679517	0.226365
3.51875	-0.698781	-0.672969	0.240721
3.54375	-0.698781	-0.672969	0.240721
3.56875	-0.690779	-0.665367	0.241498
3.59375	-0.690779	-0.665367	0.241498
3.61875	-0.68111	-0.655316	0.236066
3.64375	-0.68111	-0.655316	0.236066
3.66875	-0.66912	-0.645197	0.230585
3.69375	-0.654519	-0.635144	0.230752
3.71875	-0.654519	-0.635144	0.230752
3.74375	-0.643526	-0.631913	0.230533
3.76875	-0.643526	-0.631913	0.230533
3.79375	-0.636766	-0.637956	0.233549
3.81875	-0.637054	-0.647512	0.240925
3.84375	-0.637054	-0.647512	0.240925
3.86875	-0.640297	-0.662923	0.242624
3.89375	-0.640297	-0.662923	0.242624
3.91875	-0.650087	-0.683374	0.245621
3.94375	-0.663686	-0.715153	0.248618
3.96875	-0.678082	-0.762378	0.251404
3.99375	-0.693517	-0.815852	0.238107
4.01875	-0.708197	-0.869717	0.202427
4.04375	-0.740275	-0.914211	0.163638
4.06875	-0.740275	-0.914211	0.163638
4.09375	-0.780744	-0.945692	0.127587
4.11875	-0.784608	-0.952075	0.123805
4.14375	-0.784608	-0.952075	0.123805
4.16875	-0.781357	-0.941285	0.142667
4.19375	-0.78255	-0.933726	0.165614
4.21875	-0.78255	-0.933726	0.165614
4.24375	-0.783739	-0.932763	0.187711
4.26875	-0.783739	-0.932763	0.187711
4.29375	-0.782395	-0.932376	0.211649
4.31875	-0.782395	-0.932376	0.211649
4.34375	-0.782395	-0.932376	0.211649
4.36875	-0.769233	-0.928319	0.238902
4.39375	-0.761191	-0.921239	0.233481
4.41875	-0.761191	-0.921239	0.233481
4.44375	-0.7514	-0.911198	0.230317
4.46875	-0.739398	-0.899335	0.232696
4.49375	-0.739398	-0.899335	0.232696
4.51875	-0.72834	-0.888727	0.231182
4.54375	-0.721582	-0.889084	0.237314
4.56875	-0.721582	-0.889084	0.237314
4.59375	-0.718076	-0.896992	0.244815
4.61875	-0.718076	-0.896992	0.244815
4.64375	-0.718463	-0.912145	0.248161
4.66875	-0.719916	-0.93735	0.253589
4.69375	-0.719916	-0.93735	0.253589
4.71875	-0.72009	-0.973737	0.262761
4.74375	-0.721249	-1.0213	0.269597
4.76875	-0.72319	-1.0746	0.262435
4.79375	-0.728873	-1.12522	0.240808
4.81875	-0.763159	-1.14956	0.240825
4.84375	-0.803917	-1.17236	0.220601
4.86875	-0.851583	-1.19996	0.185309
4.89375	-0.851583	-1.19996	0.185309
4.91875	-0.86588	-1.23818	0.166465
4.94375	-0.869189	-1.25513	0.178397
4.96875	-0.869189	-1.25513	0.178397
4.99375	-0.872658	-1.25727	0.193614
5.01875	-0.872658	-1.25727	0.193614
5.04375	-0.875143	-1.26085	0.204929
5.06875	-0.875143	-1.26085	0.204929
5.09375	-0.875007	-1.26322	0.228057
5.11875	-0.873903	-1.26551	0.24099
5.14375	-0.870402	-1.26447	0.23829
5.16875	-0.863472	-1.26028	0.234548
5.19375	-0.863472	-1.26028	0.234548
5.21875	-0.845398	-1.2432	0.240301
5.24375	-0.845398	-1.2432	0.240301
5.26875	-0.839836	-1.24346	0.240273
5.29375	-0.836869	-1.25064	0.23943
5.31875	-0.836869	-1.25064	0.23943
5.34375	-0.836717	-1.26477	0.238252
5.36875	-0.859886	-1.29154	0.240924
5.39375	-0.884016	-1.31013	0.239596
5.41875	-0.916196	-1.3421	0.23493
5.44375	-0.954243	-1.38714	0.223038
5.46875	-0.954243	-1.38714	0.223038
5.49375	-1.03445	-1.47951	0.139735
5.51875	-1.03445	-1.47951	0.139735
5.54375	-1.03445	-1.47951	0.139735
5.56875	-1.06264	-1.50393	0.121623
5.59375	-1.06042	-1.51409	0.136441
5.61875	-1.06042	-1.51409	0.136441
5.64375	-1.05356	-1.51275	0.152187
5.66875	-1.05356	-1.51275	0.152187
5.69375	-1.05233	-1.5004	0.169843
5.71875	-1.05233	-1.5004	0.169843
5.74375	-1.05248	-1.48943	0.184313
5.76875	-1.05248	-1.48943	0.184313
5.79375	-1.05423	-1.4848	0.196707
5.81875	-1.05476	-1.48067	0.217543
5.84375	-1.05476	-1.48067	0.217543
5.86875	-1.05691	-1.47978	0.236629
5.89375	-1.05656	-1.47695	0.238113
5.91875	-1.05308	-1.47287	0.235898
5.94375	-1.04077	-1.46295	0.238023
5.96875	-1.04077	-1.46295	0.238023
5.99375	-1.02808	-1.45169	0.236921
