1.01875	1.86265e-08	3.72529e-08	0.24425
1.04375	1.86265e-08	3.72529e-08	0.24425
1.06875	0.00163611	-0.0111905	0.212799
1.09375	0.00158769	-0.0144986	0.203857
1.11875	0.00155241	-0.0142893	0.201764
1.14375	0.000434998	-0.0135455	0.200433
1.16875	0.000434998	-0.0135455	0.200433
1.19375	0.000515237	-0.0138411	0.200494
1.21875	0.00049974	-0.0138327	0.199909
1.24375	0.000448216	-0.0120845	0.20173
1.26875	0.000448216	-0.0120845	0.20173
1.29375	0.000256512	-0.00670954	0.208398
1.31875	0.000926014	-0.00507362	0.210824
1.34375	0.000926014	-0.00507362	0.210824
1.36875	0.000169028	-0.00345079	0.211685
1.39375	0.000440504	-0.00165647	0.213093
1.41875	0.000896491	0.00104096	0.216361
1.44375	0.00138266	0.00439432	0.213532
1.46875	0.00061553	0.000176042	0.208635
1.49375	0.00061553	0.000176042	0.208635
1.51875	-0.000775114	-0.00894838	0.204728
1.54375	-0.00220034	-0.0131888	0.201065
1.56875	-0.00172231	-0.0130718	0.200532
1.59375	-0.00172231	-0.0130718	0.200532
1.61875	-0.00053338	-0.0115323	0.208625
1.64375	-0.000173077	-0.0101465	0.212586
1.66875	-0.000173077	-0.0101465	0.212586
1.69375	0.000290126	-0.00987384	0.214041
1.71875	0.00145788	-0.00977875	0.215083
1.74375	0.0020783	-0.0105722	0.218185
1.76875	0.00248361	-0.0123481	0.217295
1.79375	0.00315524	-0.0132039	0.212282
1.81875	0.00373512	-0.0135668	0.207258
1.84375	0.00373512	-0.0135668	0.207258
1.86875	0.00367145	-0.0143685	0.202578
1.89375	0.000698343	-0.0138249	0.200545
1.91875	-0.000280395	-0.0137305	0.200018
1.94375	-0.000280395	-0.0137305	0.200018
1.96875	-0.000128672	-0.0134885	0.200104
1.99375	0.000171784	-0.0134667	0.200898
2.01875	0.000171784	-0.0134667	0.200898
2.04375	0.000455827	-0.012417	0.204521
2.06875	0.00103448	-0.0083961	0.206776
2.09375	0.00177	-0.00503396	0.209101
2.11875	0.00229644	-0.00316653	0.212287
2.14375	0.00301533	-0.00115163	0.214277
2.16875	0.00479209	0.00596348	0.214754
2.19375	0.00479209	0.00596348	0.214754
2.21875	0.00423049	-0.00273282	0.208101
2.24375	0.00433119	-0.00904088	0.204787
2.26875	0.00448246	-0.0150866	0.202417
2.29375	0.00476377	-0.0131785	0.200643
2.31875	0.00487658	-0.0128622	0.200257
2.34375	0.00483139	-0.012624	0.201754
2.36875	0.00483139	-0.012624	0.201754
2.39375	0.00532646	-0.0107274	0.213414
2.41875	0.00532646	-0.0107274	0.213414
2.44375	0.0050952	-0.00965824	0.214433
2.46875	0.0050952	-0.00965824	0.214433
2.49375	0.004868	-0.00962917	0.214265
2.51875	0.00464083	-0.00991134	0.216235
2.54375	0.00464083	-0.00991134	0.216235
2.56875	0.00443485	-0.0112089	0.212582
2.59375	0.00379641	-0.013085	0.20745
2.61875	0.003212	-0.0144624	0.20374
2.64375	0.00379104	-0.0150408	0.201287
2.66875	0.00431795	-0.0151372	0.200471
2.69375	0.00405021	-0.0152255	0.200338
2.71875	0.00445145	-0.0152917	0.200254
2.74375	0.00445145	-0.0152917	0.200254
2.76875	0.00375946	-0.0147393	0.204753
2.79375	0.00375946	-0.0147393	0.204753
2.81875	0.00526866	-0.00959194	0.208755
2.84375	0.00526866	-0.00959194	0.208755
2.86875	0.00338454	-0.00752097	0.210323
2.89375	0.00305473	-0.0064199	0.211956
2.91875	0.00333321	-0.0047064	0.214523
2.94375	0.00362871	-0.00216458	0.21446
2.96875	0.00336272	0.000311598	0.211016
2.99375	0.00289881	-0.00531153	0.206728
3.01875	0.00289881	-0.00531153	0.206728
3.04375	0.00227664	-0.0130833	0.204297
3.06875	0.00227664	-0.0130833	0.204297
3.09375	0.00275784	-0.0167631	0.201513
3.11875	0.00303537	-0.016883	0.202402
3.14375	0.00338016	-0.0162658	0.206199
3.16875	0.00338016	-0.0162658	0.206199
3.19375	0.00338016	-0.0162658	0.206199
3.21875	0.00374446	-0.0142802	0.21308
3.24375	0.00375731	-0.0140644	0.213736
3.26875	0.00353875	-0.0150288	0.216004
3.29375	0.00374455	-0.0169916	0.215101
3.31875	0.00358284	-0.0183584	0.210671
3.34375	0.00358284	-0.0183584	0.210671
3.36875	0.00387949	-0.0195871	0.203407
3.39375	0.00260673	-0.0206858	0.200452
3.41875	0.00223836	-0.020271	0.20014
3.44375	0.00234585	-0.0203195	0.199871
3.46875	0.00234585	-0.0203195	0.199871
3.49375	0.00269936	-0.0202534	0.199695
3.51875	0.00252053	-0.0200343	0.203713
3.54375	0.00252053	-0.0200343	0.203713
3.56875	0.00288513	-0.0179019	0.207343
3.59375	0.0031366	-0.0140107	0.209415
3.61875	0.0031366	-0.0140107	0.209415
3.64375	0.00373468	-0.0102006	0.210644
3.66875	0.00363968	-0.00709745	0.212744
3.69375	0.00370648	-0.00259327	0.215669
3.71875	0.00422154	0.000565417	0.213632
3.74375	0.00393211	-0.00433052	0.209666
3.76875	0.00393211	-0.00433052	0.209666
3.79375	0.00275303	-0.0116732	0.205682
3.81875	0.00203743	-0.0184007	0.201872
3.84375	0.00203743	-0.0184007	0.201872
3.86875	0.00273148	-0.0181425	0.200696
3.89375	0.00280116	-0.0185412	0.202934
3.91875	0.00280116	-0.0185412	0.202934
3.94375	0.00329606	-0.0152963	0.21107
3.96875	0.00342109	-0.0145181	0.212158
3.99375	0.00342109	-0.0145181	0.212158
4.01875	0.0027811	-0.0142655	0.214304
4.04375	0.00201127	-0.0144977	0.217313
4.06875	0.00201127	-0.0144977	0.217313
4.09375	-0.000125185	-0.0165684	0.210075
4.11875	-0.00132522	-0.0169657	0.20472
4.14375	-0.000406712	-0.0173837	0.202356
4.16875	0.00296269	-0.0177462	0.200397
4.19375	0.00296269	-0.0177462	0.200397
4.21875	0.00271093	-0.0178178	0.200115
4.24375	0.00266471	-0.0182513	0.200865
4.26875	0.00326402	-0.0181942	0.202931
4.29375	0.00326402	-0.0181942	0.202931
4.31875	0.00326402	-0.0181942	0.202931
4.34375	0.00387063	-0.0126787	0.206687
4.36875	0.00443456	-0.00761614	0.212039
4.39375	0.004312	-0.00331447	0.215298
4.41875	0.00434519	0.000228912	0.21835
4.44375	0.00434519	0.000228912	0.21835
4.46875	0.00517436	0.00432235	0.213782
4.49375	0.00517436	0.00432235	0.213782
4.51875	0.00484461	-0.0115057	0.204492
4.54375	0.00484461	-0.0115057	0.204492
4.56875	0.00510905	-0.0175754	0.202498
4.59375	0.00510905	-0.0175754	0.202498
4.61875	0.00517032	-0.0148559	0.200872
4.64375	0.00509074	-0.0150057	0.201742
4.66875	0.00509074	-0.0150057	0.201742
4.69375	0.0047547	-0.0129041	0.206272
4.71875	0.0047547	-0.0129041	0.206272
4.74375	0.00403322	-0.0111801	0.210446
4.76875	0.00293415	-0.0108034	0.212708
4.79375	0.00293415	-0.0108034	0.212708
4.81875	0.00209535	-0.0109613	0.215096
4.84375	0.000553351	-0.0121056	0.21188
4.86875	-0.0019086	-0.0135774	0.20486
4.89375	-0.0019086	-0.0135774	0.20486
4.91875	0.00213116	-0.0140022	0.202482
4.94375	0.00213116	-0.0140022	0.202482
4.96875	0.00213116	-0.0140022	0.202482
4.99375	0.00545109	-0.0140375	0.200108
5.01875	0.00567489	-0.0140493	0.200877
5.04375	0.00567489	-0.0140493	0.200877
5.06875	0.0059288	-0.00829748	0.207297
5.09375	0.0059288	-0.00829748	0.207297
5.11875	0.00598925	-0.00297484	0.211614
5.14375	0.00598925	-0.00297484	0.211614
5.16875	0.00655468	0.00290613	0.215009
5.19375	0.0071197	0.00862747	0.215704
5.21875	0.00650667	0.00333229	0.211489
5.24375	0.0063617	-0.00420614	0.208248
5.26875	0.0063617	-0.00420614	0.208248
5.29375	0.0063617	-0.00420614	0.208248
5.31875	0.0063617	-0.00420614	0.208248
5.34375	0.0060062	-0.0143168	0.201371
5.36875	0.0060062	-0.0143168	0.201371
5.39375	0.0061258	-0.013578	0.200707
5.41875	0.00593942	-0.0125288	0.202202
5.44375	0.00593942	-0.0125288	0.202202
5.46875	0.00604278	-0.010552	0.206463
5.49375	0.00558857	-0.00989772	0.210662
5.51875	0.00558857	-0.00989772	0.210662
5.54375	0.00524214	-0.0110801	0.214416
5.56875	0.00494746	-0.011673	0.218103
5.59375	0.00494746	-0.011673	0.218103
5.61875	0.00448838	-0.0140247	0.211834
5.64375	0.00448838	-0.0140247	0.211834
5.66875	0.00368974	-0.0166045	0.20577
5.69375	0.00332332	-0.0171539	0.202526
5.71875	0.00620479	-0.0173197	0.200573
5.74375	0.00619496	-0.0169011	0.20054
5.76875	0.00640691	-0.0173297	0.201311
5.79375	0.00749519	-0.0165585	0.203483
5.81875	0.00745138	-0.0132841	0.205333
5.84375	0.00745138	-0.0132841	0.205333
5.86875	0.0070101	-0.00931241	0.209603
5.89375	0.00752718	-0.00820424	0.211994
5.91875	0.00720959	-0.00766783	0.214388
5.94375	0.00720959	-0.00766783	0.214388
5.96875	0.00650956	-0.00376757	0.216667
5.99375	0.00626843	-0.000902295	0.212606
