1.01875	1.86265e-08	3.72529e-08	0.24425
1.04375	1.86265e-08	3.72529e-08	0.24425
1.06875	-0.000980098	-0.013376	0.20671
1.09375	-0.00108709	-0.0142835	0.202066
1.11875	-0.00149869	-0.0146594	0.200536
1.14375	-0.00152281	-0.0144174	0.200332
1.16875	-0.00152281	-0.0144174	0.200332
1.19375	-0.00152281	-0.0144174	0.200332
1.21875	-0.00152281	-0.0144174	0.200332
1.24375	-0.00153859	-0.0145106	0.200271
1.26875	-0.00136012	-0.0137138	0.199179
1.29375	-0.000294264	-0.00981438	0.202875
1.31875	-0.000294264	-0.00981438	0.202875
1.34375	0.00146898	-0.00466836	0.208963
1.36875	0.000204038	1.72779e-05	0.213342
1.39375	0.000204038	1.72779e-05	0.213342
1.41875	0.000204038	1.72779e-05	0.213342
1.44375	0.000204038	1.72779e-05	0.213342
1.46875	0.000204038	1.72779e-05	0.213342
1.49375	0.000204038	1.72779e-05	0.213342
1.51875	0.000204038	1.72779e-05	0.213342
1.54375	-0.00229925	0.00488327	0.2141
1.56875	-0.00550956	-0.0118121	0.201904
1.59375	-0.00550956	-0.0118121	0.201904
1.61875	-0.00457241	-0.0107801	0.204147
1.64375	-0.00403803	-0.0084582	0.206863
1.66875	-0.00320988	-0.00515602	0.207303
1.69375	-0.00327326	-0.00368955	0.204246
1.71875	-0.00327326	-0.00368955	0.204246
1.74375	-0.00327326	-0.00368955	0.204246
1.76875	-0.00327326	-0.00368955	0.204246
1.79375	-0.00289471	-0.0031728	0.208959
1.81875	-0.00318158	-0.00742479	0.206422
1.84375	-0.00323481	-0.0083175	0.202785
1.86875	-0.0032442	-0.00827686	0.200179
1.89375	-0.0032442	-0.00827686	0.200179
1.91875	-0.0032442	-0.00827686	0.200179
1.94375	-0.00361853	-0.00809544	0.199899
1.96875	-0.003876	-0.00850115	0.200099
1.99375	-0.003876	-0.00850115	0.200099
2.01875	-0.003876	-0.00850115	0.200099
2.04375	-0.003876	-0.00850115	0.200099
2.06875	-0.003876	-0.00850115	0.200099
2.09375	-0.003876	-0.00850115	0.200099
2.11875	-0.000945292	0.00492961	0.211142
2.14375	-0.000945292	0.00492961	0.211142
2.16875	-0.00215614	0.0074445	0.212783
2.19375	-0.00215614	0.0074445	0.212783
2.21875	-0.00271714	0.00607566	0.209452
2.24375	-0.00200172	-0.00154544	0.20487
2.26875	-0.00200172	-0.00154544	0.20487
2.29375	-0.0016283	-0.00841414	0.202142
2.31875	-0.0016283	-0.00841414	0.202142
2.34375	-0.0016283	-0.00841414	0.202142
2.36875	-0.0016283	-0.00841414	0.202142
2.39375	-0.0016283	-0.00841414	0.202142
2.41875	-0.00074099	-0.00782458	0.201656
2.44375	-0.00074099	-0.00782458	0.201656
2.46875	-0.000806767	-0.0072639	0.200058
2.49375	-0.000806767	-0.0072639	0.200058
2.51875	-0.000703305	-0.00582005	0.202214
2.54375	-0.000867829	-0.00495127	0.205068
2.56875	-0.00106723	-0.00538205	0.202379
2.59375	-0.00106723	-0.00538205	0.202379
2.61875	-0.00119547	-0.00609261	0.199696
2.64375	-0.00119547	-0.00609261	0.199696
2.66875	-0.00119547	-0.00609261	0.199696
2.69375	-0.00119547	-0.00609261	0.199696
2.71875	-0.00119547	-0.00609261	0.199696
2.74375	-0.000373408	-0.00615642	0.199996
2.76875	-0.000376951	-0.00566935	0.200085
2.79375	0.0030511	-0.00132357	0.201892
2.81875	0.00578648	0.00646511	0.209249
2.84375	0.00578648	0.00646511	0.209249
2.86875	0.0075375	0.01038	0.213855
2.89375	0.00700733	0.0137862	0.218232
2.91875	0.00700733	0.0137862	0.218232
2.94375	0.00700733	0.0137862	0.218232
2.96875	0.00700733	0.0137862	0.218232
2.99375	0.00529799	0.0183262	0.219316
3.01875	0.00305618	0.0138872	0.214149
3.04375	0.00305618	0.0138872	0.214149
3.06875	0.00318369	0.00547689	0.206837
3.09375	0.00377415	-0.00449149	0.202376
3.11875	0.00412882	-0.00493733	0.201923
3.14375	0.0052117	-0.00274424	0.208967
3.16875	0.00611465	-0.000783145	0.207821
3.19375	0.00667064	0.000378627	0.202746
3.21875	0.0076212	0.0019436	0.202305
3.24375	0.0076212	0.0019436	0.202305
3.26875	0.00977663	0.00188251	0.208885
3.29375	0.0131774	-0.00038233	0.206114
3.31875	0.0144373	-0.0012825	0.203866
3.34375	0.0144373	-0.0012825	0.203866
3.36875	0.00528355	-0.00093019	0.200029
3.39375	0.00531932	-0.000749771	0.200152
3.41875	0.00540018	-0.000785727	0.199876
3.44375	0.00540018	-0.000785727	0.199876
3.46875	0.0053277	-0.000676621	0.200078
3.49375	0.00536548	-0.000744712	0.201104
3.51875	0.005327	-0.000808164	0.203448
3.54375	0.00623445	0.00215815	0.20653
3.56875	0.00758335	0.00853401	0.209988
3.59375	0.00758335	0.00853401	0.209988
3.61875	0.0101453	0.0113272	0.214417
3.64375	0.0101453	0.0113272	0.214417
3.66875	0.00710208	0.0126071	0.216148
3.69375	0.00332769	0.0148451	0.216043
3.71875	0.00147003	0.0128641	0.212453
3.74375	0.0011414	0.00495129	0.207308
3.76875	0.000528548	-0.00354874	0.203704
3.79375	8.16733e-05	-0.00662169	0.202173
3.81875	4.57242e-05	-0.00541471	0.201157
3.84375	-3.72902e-06	-0.00522391	0.200603
3.86875	0.000417829	-0.00538067	0.201921
3.89375	0.000417829	-0.00538067	0.201921
3.91875	0.00104707	-0.0030699	0.210318
3.94375	0.000811093	-0.000407059	0.205004
3.96875	0.000386383	-0.000445619	0.203026
3.99375	0.000386383	-0.000445619	0.203026
4.01875	-0.00233521	-0.00133999	0.211464
4.04375	-0.0067065	-0.00253319	0.208878
4.06875	-0.00987363	-0.003582	0.205619
4.09375	-0.00674983	-0.00389392	0.203154
4.11875	-0.00065428	-0.00536432	0.200714
4.14375	-0.00065428	-0.00536432	0.200714
4.16875	-0.000381757	-0.00572599	0.200641
4.19375	-0.000484329	-0.00588716	0.20063
4.21875	-0.000472512	-0.00587769	0.199948
4.24375	-0.000472512	-0.00587769	0.199948
4.26875	-0.000877436	-0.00514147	0.202355
4.29375	0.00200265	-0.00309046	0.205313
4.31875	0.00533275	0.00308687	0.207365
4.34375	0.00533275	0.00308687	0.207365
4.36875	0.00988968	0.00859941	0.214677
4.39375	0.00988968	0.00859941	0.214677
4.41875	0.00682762	0.0103453	0.217433
4.44375	0.00307231	0.012841	0.217345
4.46875	0.00307231	0.012841	0.217345
4.49375	0.00148622	0.00502643	0.207674
4.51875	0.00211579	-0.0045718	0.202882
4.54375	0.00211579	-0.0045718	0.202882
4.56875	0.0018544	-0.00462956	0.200845
4.59375	0.00221303	-0.0046111	0.200194
4.61875	0.00221303	-0.0046111	0.200194
4.64375	0.00284693	-0.00439791	0.200979
4.66875	0.00284693	-0.00439791	0.200979
4.69375	0.00358679	-0.00309067	0.202499
4.71875	0.00417258	-0.000904422	0.203043
4.74375	0.00443001	-0.000370197	0.200565
4.76875	0.00490697	-0.000541471	0.203482
4.79375	0.00493094	-0.00322562	0.205109
4.81875	0.00493094	-0.00322562	0.205109
4.84375	0.00469376	-0.00559533	0.203676
4.86875	0.00469824	-0.0064657	0.201698
4.89375	0.00346935	-0.00693095	0.199881
4.91875	0.00352376	-0.00703894	0.199893
4.94375	0.00352376	-0.00703894	0.199893
4.96875	0.003696	-0.00688601	0.200112
4.99375	0.00392561	-0.00658686	0.200536
5.01875	0.00392561	-0.00658686	0.200536
5.04375	0.00442269	-0.00651815	0.204356
5.06875	0.00442269	-0.00651815	0.204356
5.09375	0.0093048	0.00157871	0.209584
5.11875	0.0123656	0.00401157	0.213063
5.14375	0.0121241	0.00549285	0.214827
5.16875	0.00908735	0.00799734	0.218161
5.19375	0.00908735	0.00799734	0.218161
5.21875	0.00687016	0.0111181	0.215432
5.24375	0.00535342	0.00686989	0.21058
5.26875	0.00535342	0.00686989	0.21058
5.29375	0.00455929	-0.00221582	0.205103
5.31875	0.00367604	-0.00907777	0.202234
5.34375	0.00367604	-0.00907777	0.202234
5.36875	0.00361644	-0.00818111	0.201339
5.39375	0.00341879	-0.00814717	0.202746
5.41875	0.00341879	-0.00814717	0.202746
5.44375	0.00339269	-0.00584875	0.206932
5.46875	0.00314818	-0.00419374	0.206448
5.49375	0.00314818	-0.00419374	0.206448
5.51875	0.000932552	-0.00413777	0.206533
5.54375	-0.000273459	-0.00431901	0.209281
5.56875	-0.000273459	-0.00431901	0.209281
5.59375	-0.00235806	-0.00643239	0.207681
5.61875	-0.00399646	-0.00745873	0.203818
5.64375	-9.83477e-05	-0.00811096	0.201237
5.66875	0.00361142	-0.00852849	0.199304
5.69375	0.00320983	-0.00858657	0.199734
5.71875	0.00327415	-0.0087468	0.199658
5.74375	0.00327415	-0.0087468	0.199658
5.76875	0.00298709	-0.00820192	0.20023
5.79375	0.00298709	-0.00820192	0.20023
5.81875	0.00293336	-0.00724433	0.202647
5.84375	0.00527419	-0.0027248	0.205304
5.86875	0.00683807	0.00207383	0.209783
5.89375	0.0060807	0.00580012	0.213649
5.91875	0.0060807	0.00580012	0.213649
5.94375	0.00433127	0.0102209	0.217084
5.96875	0.00336917	0.0146264	0.216078
5.99375	0.0040018	0.00982565	0.211664
