1.01875	1.86265e-08	3.72529e-08	0.24425
1.04375	1.86265e-08	3.72529e-08	0.24425
1.06875	-0.298543	0.0718776	0.134953
1.09375	-0.298543	0.0718776	0.134953
1.11875	-0.295489	0.0689911	0.158381
1.14375	-0.286584	0.0751651	0.175625
1.16875	-0.287899	0.0810687	0.187943
1.19375	-0.287899	0.0810687	0.187943
1.21875	-0.299611	0.0864515	0.222056
1.24375	-0.303424	0.0883837	0.235188
1.26875	-0.303823	0.0895181	0.237203
1.29375	-0.303823	0.0895181	0.237203
1.31875	-0.295158	0.0889087	0.235888
1.34375	-0.285762	0.0879028	0.234731
1.36875	-0.277769	0.0859025	0.233439
1.39375	-0.272924	0.0834755	0.232171
1.41875	-0.272924	0.0834755	0.232171
1.44375	-0.269797	0.0815374	0.232781
1.46875	-0.274001	0.0826746	0.237191
1.49375	-0.274001	0.0826746	0.237191
1.51875	-0.286512	0.0863137	0.243539
1.54375	-0.286512	0.0863137	0.243539
1.56875	-0.30813	0.0920394	0.249213
1.59375	-0.340214	0.101711	0.247915
1.61875	-0.387284	0.114805	0.244015
1.64375	-0.447677	0.130566	0.230882
1.66875	-0.50891	0.146028	0.195606
1.69375	-0.567784	0.167191	0.144327
1.71875	-0.567784	0.167191	0.144327
1.74375	-0.60386	0.188024	0.133157
1.76875	-0.606694	0.18656	0.13615
1.79375	-0.606694	0.18656	0.13615
1.81875	-0.601821	0.17531	0.147906
1.84375	-0.590064	0.169755	0.159148
1.86875	-0.590064	0.169755	0.159148
1.89375	-0.571122	0.172163	0.171389
1.91875	-0.564084	0.177535	0.18123
1.94375	-0.559423	0.181805	0.190108
1.96875	-0.554359	0.184707	0.206078
1.99375	-0.552322	0.18729	0.227035
2.01875	-0.550704	0.188449	0.237038
2.04375	-0.539021	0.182992	0.236797
2.06875	-0.539021	0.182992	0.236797
2.09375	-0.520092	0.172202	0.234412
2.11875	-0.520092	0.172202	0.234412
2.14375	-0.517192	0.166525	0.232636
2.16875	-0.517701	0.162489	0.23248
2.19375	-0.529481	0.162742	0.238605
2.21875	-0.545982	0.170492	0.243677
2.24375	-0.571214	0.183376	0.24772
2.26875	-0.606656	0.202561	0.248726
2.29375	-0.652598	0.228862	0.241174
2.31875	-0.652598	0.228862	0.241174
2.34375	-0.690822	0.265598	0.220422
2.36875	-0.690822	0.265598	0.220422
2.39375	-0.727489	0.303412	0.174874
2.41875	-0.727489	0.303412	0.174874
2.44375	-0.756134	0.342795	0.127757
2.46875	-0.760005	0.346265	0.128012
2.49375	-0.762832	0.343631	0.133836
2.51875	-0.762832	0.343631	0.133836
2.54375	-0.765869	0.342553	0.137287
2.56875	-0.769905	0.338293	0.144325
2.59375	-0.769905	0.338293	0.144325
2.61875	-0.767146	0.327114	0.158508
2.64375	-0.767146	0.327114	0.158508
2.66875	-0.751774	0.326938	0.170626
2.69375	-0.741933	0.330035	0.175253
2.71875	-0.741933	0.330035	0.175253
2.74375	-0.740237	0.335695	0.184651
2.76875	-0.740237	0.335695	0.184651
2.79375	-0.739062	0.33923	0.204554
2.81875	-0.739062	0.33923	0.204554
2.84375	-0.740498	0.344072	0.228544
2.86875	-0.741063	0.347752	0.238088
2.89375	-0.741063	0.347752	0.238088
2.91875	-0.738458	0.347763	0.237805
2.94375	-0.738458	0.347763	0.237805
2.96875	-0.731874	0.346363	0.243925
2.99375	-0.731874	0.346363	0.243925
3.01875	-0.736165	0.367623	0.250937
3.04375	-0.751214	0.394978	0.25197
3.06875	-0.774274	0.434843	0.244224
3.09375	-0.800238	0.478444	0.214724
3.11875	-0.826847	0.523158	0.162149
3.14375	-0.835107	0.564976	0.12958
3.16875	-0.835107	0.564976	0.12958
3.19375	-0.848837	0.584359	0.133612
3.21875	-0.848837	0.584359	0.133612
3.24375	-0.850985	0.586239	0.139413
3.26875	-0.850985	0.586239	0.139413
3.29375	-0.848821	0.585617	0.137884
3.31875	-0.851144	0.580846	0.144038
3.34375	-0.851144	0.580846	0.144038
3.36875	-0.850363	0.572015	0.151762
3.39375	-0.834341	0.55749	0.161786
3.41875	-0.824927	0.555907	0.173666
3.44375	-0.824927	0.555907	0.173666
3.46875	-0.820232	0.562373	0.18679
3.49375	-0.820232	0.562373	0.18679
3.51875	-0.816004	0.566558	0.198959
3.54375	-0.812542	0.568058	0.215146
3.56875	-0.812542	0.568058	0.215146
3.59375	-0.808758	0.56862	0.230814
3.61875	-0.808758	0.56862	0.230814
3.64375	-0.803251	0.567322	0.232057
3.66875	-0.803251	0.567322	0.232057
3.69375	-0.794893	0.563331	0.22975
3.71875	-0.794893	0.563331	0.22975
3.74375	-0.785208	0.557708	0.228016
3.76875	-0.785208	0.557708	0.228016
3.79375	-0.78627	0.558979	0.228503
3.81875	-0.798992	0.568692	0.228257
3.84375	-0.798992	0.568692	0.228257
3.86875	-0.821469	0.587742	0.219609
3.89375	-0.821469	0.587742	0.219609
3.91875	-0.855365	0.61986	0.207229
3.94375	-0.901077	0.657301	0.182398
3.96875	-0.901077	0.657301	0.182398
3.99375	-0.952168	0.677729	0.14434
4.01875	-0.969819	0.696246	0.137295
4.04375	-0.969819	0.696246	0.137295
4.06875	-0.96854	0.693029	0.141788
4.09375	-0.96512	0.681665	0.150347
4.11875	-0.959602	0.673607	0.161657
4.14375	-0.959602	0.673607	0.161657
4.16875	-0.944949	0.672384	0.174988
4.19375	-0.934984	0.675451	0.18396
4.21875	-0.929271	0.681669	0.190979
4.24375	-0.926326	0.684634	0.198693
4.26875	-0.9254	0.686749	0.211495
4.29375	-0.922096	0.686124	0.230095
4.31875	-0.917945	0.680709	0.22915
4.34375	-0.912981	0.671252	0.228462
4.36875	-0.906613	0.658054	0.229321
4.39375	-0.901892	0.644192	0.23138
4.41875	-0.901892	0.644192	0.23138
4.44375	-0.899414	0.630341	0.232264
4.46875	-0.899414	0.630341	0.232264
4.49375	-0.900851	0.619342	0.230086
4.51875	-0.900851	0.619342	0.230086
4.54375	-0.910211	0.613787	0.230965
4.56875	-0.910211	0.613787	0.230965
4.59375	-0.917669	0.618427	0.240782
4.61875	-0.917669	0.618427	0.240782
4.64375	-0.92901	0.629238	0.246877
4.66875	-0.945492	0.647122	0.253566
4.69375	-0.945492	0.647122	0.253566
4.71875	-0.973137	0.671851	0.258824
4.74375	-1.0133	0.703313	0.259189
4.76875	-1.05683	0.736277	0.239847
4.79375	-1.05683	0.736277	0.239847
4.81875	-1.12486	0.82105	0.157007
4.84375	-1.14633	0.858013	0.130797
4.86875	-1.15547	0.862589	0.148947
4.89375	-1.15343	0.862861	0.176302
4.91875	-1.15343	0.862861	0.176302
4.94375	-1.14905	0.864804	0.190095
4.96875	-1.14304	0.867108	0.19379
4.99375	-1.13829	0.86763	0.201395
5.01875	-1.13509	0.86753	0.21746
5.04375	-1.13509	0.86753	0.21746
5.06875	-1.13507	0.868184	0.230381
5.09375	-1.13507	0.868184	0.230381
5.11875	-1.13213	0.866039	0.231208
5.14375	-1.12808	0.860337	0.230135
5.16875	-1.12808	0.860337	0.230135
5.19375	-1.12326	0.850702	0.228644
5.21875	-1.11825	0.839425	0.232226
5.24375	-1.11912	0.832726	0.23438
5.26875	-1.1275	0.833867	0.234422
5.29375	-1.13717	0.848017	0.240509
5.31875	-1.13717	0.848017	0.240509
5.34375	-1.2071	0.943789	0.223216
5.36875	-1.23074	0.984416	0.180157
5.39375	-1.23074	0.984416	0.180157
5.41875	-1.25951	1.03487	0.131077
5.44375	-1.26476	1.03655	0.134777
5.46875	-1.26681	1.0371	0.136376
5.49375	-1.26681	1.0371	0.136376
5.51875	-1.26732	1.03723	0.136927
5.54375	-1.26732	1.03723	0.136927
5.56875	-1.26759	1.03692	0.137715
5.59375	-1.26837	1.03095	0.144296
5.61875	-1.26837	1.03095	0.144296
5.64375	-1.26389	1.02189	0.152133
5.66875	-1.26389	1.02189	0.152133
5.69375	-1.24139	1.01236	0.161992
5.71875	-1.24139	1.01236	0.161992
5.74375	-1.24139	1.01236	0.161992
5.76875	-1.2287	1.01818	0.187426
5.79375	-1.2257	1.02108	0.202675
5.81875	-1.22186	1.0231	0.223951
5.84375	-1.21987	1.02618	0.235444
5.86875	-1.21987	1.02618	0.235444
5.89375	-1.20692	1.02182	0.234117
5.91875	-1.19821	1.01385	0.233908
5.94375	-1.18851	1.00443	0.235217
5.96875	-1.18154	0.997986	0.234463
5.99375	-1.18154	0.999617	0.238545
