1.01875	1.86265e-08	3.72529e-08	0.24425
1.04375	0.000296146	-0.012732	0.1956
1.06875	0.000296146	-0.012732	0.1956
1.09375	-0.000490848	-0.013329	0.194747
1.11875	0.00376301	-0.0151328	0.194301
1.14375	0.00330847	-0.0144433	0.197799
1.16875	0.00330847	-0.0144433	0.197799
1.19375	0.00311071	-0.00905827	0.204366
1.21875	0.00311071	-0.00905827	0.204366
1.24375	0.00432724	-0.00695051	0.207663
1.26875	0.00536314	-0.00526777	0.210569
1.29375	0.00833868	-0.00346219	0.212972
1.31875	0.00833868	-0.00346219	0.212972
1.34375	0.0118566	-0.00167034	0.215265
1.36875	0.0118566	-0.00167034	0.215265
1.39375	0.011719	-0.00054685	0.218388
1.41875	0.00798926	0.00159122	0.221951
1.44375	0.00798926	0.00159122	0.221951
1.46875	0.00646782	0.00269622	0.215008
1.49375	0.00646782	0.00269622	0.215008
1.51875	0.00523555	-0.00751498	0.207003
1.54375	0.00523555	-0.00751498	0.207003
1.56875	0.00541365	-0.0144141	0.201145
1.59375	0.00541365	-0.0144141	0.201145
1.61875	0.00607178	-0.0125455	0.200353
1.64375	0.00607178	-0.0125455	0.200353
1.66875	0.00654087	-0.0121512	0.199251
1.69375	0.00654087	-0.0121512	0.199251
1.71875	0.00682309	-0.0135411	0.194458
1.74375	0.00666285	-0.0139489	0.193924
1.76875	0.00637257	-0.0138758	0.195533
1.79375	0.00637257	-0.0138758	0.195533
1.81875	0.00591007	-0.0141206	0.196961
1.84375	0.0054244	-0.0145798	0.195787
1.86875	0.0054244	-0.0145798	0.195787
1.89375	0.00567578	-0.017041	0.194966
1.91875	0.00567578	-0.017041	0.194966
1.94375	0.00400387	-0.0143281	0.201142
1.96875	0.00576705	-0.0125566	0.20375
1.99375	0.0061946	-0.00991405	0.20711
2.01875	0.00772738	-0.00701471	0.210945
2.04375	0.00772738	-0.00701471	0.210945
2.06875	0.0120214	-0.00451626	0.217911
2.09375	0.0145846	-0.00455726	0.218998
2.11875	0.0145846	-0.00455726	0.218998
2.14375	0.00997258	-0.00362149	0.222671
2.16875	0.0057402	-0.00207508	0.220731
2.19375	0.0057402	-0.00207508	0.220731
2.21875	0.000961311	-0.00244242	0.214546
2.24375	-0.00119368	-0.0169215	0.205032
2.26875	-0.00205059	-0.016594	0.202545
2.29375	-0.00159307	-0.0161442	0.200857
2.31875	-0.000697743	-0.0154517	0.200128
2.34375	5.09061e-05	-0.014535	0.200225
2.36875	0.00066828	-0.0129596	0.200079
2.39375	0.00100787	-0.0130703	0.196822
2.41875	0.00100787	-0.0130703	0.196822
2.44375	0.00132127	-0.0143921	0.192643
2.46875	0.00137809	-0.0150231	0.192288
2.49375	0.00105499	-0.0146813	0.194316
2.51875	0.00105499	-0.0146813	0.194316
2.54375	0.0010555	-0.0151474	0.193586
2.56875	0.000712842	-0.0161764	0.194957
2.59375	0.000561625	-0.016818	0.19507
2.61875	0.000126548	-0.0188022	0.196325
2.64375	0.000126548	-0.0188022	0.196325
2.66875	-0.000608079	-0.0178033	0.198636
2.69375	-0.000608079	-0.0178033	0.198636
2.71875	0.00111143	-0.0126578	0.205328
2.74375	0.00286571	-0.0109035	0.206441
2.76875	0.00706364	-0.00748281	0.211168
2.79375	0.00975227	-0.00553408	0.213896
2.81875	0.0133762	-0.00411575	0.215926
2.84375	0.0133762	-0.00411575	0.215926
2.86875	0.0152141	-0.0019574	0.219919
2.89375	0.0121196	0.000500072	0.223419
2.91875	0.00449	0.00820548	0.221738
2.94375	0.00449	0.00820548	0.221738
2.96875	0.00250103	-0.00197157	0.212237
2.99375	0.000367139	-0.00889385	0.206936
3.01875	0.000367139	-0.00889385	0.206936
3.04375	-0.00180606	-0.0118088	0.202174
3.06875	-0.00166792	-0.0118906	0.200934
3.09375	-0.00125758	-0.00970933	0.200487
3.11875	-0.000946805	-0.00826587	0.200431
3.14375	-0.00100408	-0.00711263	0.198536
3.16875	-0.00100408	-0.00711263	0.198536
3.19375	-0.00163572	-0.00710486	0.194883
3.21875	-0.00265975	-0.00917693	0.192007
3.24375	-0.004129	-0.00896095	0.190691
3.26875	-0.00623704	-0.0080509	0.191934
3.29375	-0.00858924	-0.00828847	0.194116
3.31875	-0.0115185	-0.00799157	0.195039
3.34375	-0.00228617	-0.00725966	0.195271
3.36875	-0.00228617	-0.00725966	0.195271
3.39375	0.000930361	-0.00730716	0.197183
3.41875	0.000930361	-0.00730716	0.197183
3.44375	0.000783369	-0.00429784	0.201905
3.46875	0.00238298	-0.000604846	0.20535
3.49375	0.00308884	0.000398759	0.20786
3.51875	0.00308884	0.000398759	0.20786
3.54375	0.00585765	0.00361208	0.211805
3.56875	0.00698108	0.00438293	0.213496
3.59375	0.00849992	0.00527362	0.215227
3.61875	0.00990615	0.00568198	0.217159
3.64375	0.00990615	0.00568198	0.217159
3.66875	0.00655765	0.00588559	0.220856
3.69375	0.00655765	0.00588559	0.220856
3.71875	0.00496783	0.00653008	0.216326
3.74375	0.00496783	0.00653008	0.216326
3.76875	0.00392793	0.00271473	0.211775
3.79375	0.00332311	-0.00451254	0.205745
3.81875	0.00426089	-0.00856449	0.200686
3.84375	0.00426089	-0.00856449	0.200686
3.86875	0.00615905	-0.00754924	0.199387
3.89375	0.00768122	-0.00694008	0.200119
3.91875	0.00768122	-0.00694008	0.200119
3.94375	0.00961612	-0.00734357	0.196476
3.96875	0.0110953	-0.0077701	0.192536
3.99375	0.0110953	-0.0077701	0.192536
4.01875	0.0129343	-0.00799194	0.193067
4.04375	0.0149635	-0.0079627	0.19439
4.06875	0.0149635	-0.0079627	0.19439
4.09375	0.0176087	-0.00840274	0.195132
4.11875	0.0152186	-0.0103305	0.19582
4.14375	0.00755933	-0.00979842	0.196034
4.16875	0.00755933	-0.00979842	0.196034
4.19375	0.0076413	-0.0093589	0.197821
4.21875	0.00800585	-0.00796973	0.19981
4.24375	0.0080985	-0.00523506	0.203149
4.26875	0.0080985	-0.00523506	0.203149
4.29375	0.010073	-0.00186293	0.206578
4.31875	0.010073	-0.00186293	0.206578
4.34375	0.0127097	0.0019124	0.210046
4.36875	0.0127097	0.0019124	0.210046
4.39375	0.013806	0.00495635	0.215467
4.41875	0.013806	0.00495635	0.215467
4.44375	0.013806	0.00495635	0.215467
4.46875	0.00843159	0.0149653	0.220383
4.49375	0.0110224	0.00765776	0.211166
4.51875	0.0108034	-0.00466231	0.205168
4.54375	0.0101677	-0.00585007	0.202798
4.56875	0.0101677	-0.00585007	0.202798
4.59375	0.0118445	-0.00414746	0.19951
4.61875	0.0132106	-0.00231033	0.199852
4.64375	0.0136487	-0.00135413	0.199963
4.66875	0.0136487	-0.00135413	0.199963
4.69375	0.0141365	-0.00141113	0.196777
4.71875	0.0143868	-0.0032766	0.192728
4.74375	0.0143966	-0.00309204	0.193007
4.76875	0.0144783	-0.00253289	0.194365
4.79375	0.0145856	-0.00201414	0.195975
4.81875	0.0145856	-0.00201414	0.195975
4.84375	0.0141727	-0.00179798	0.196624
4.86875	0.0140053	-0.00218039	0.196168
4.89375	0.0138057	-0.00359555	0.196367
4.91875	0.0131617	-0.00336677	0.198183
4.94375	0.0127832	-0.00271657	0.200066
4.96875	0.0127832	-0.00271657	0.200066
4.99375	0.0138368	-0.00093358	0.202653
5.01875	0.0138368	-0.00093358	0.202653
5.04375	0.0153155	0.00231498	0.206499
5.06875	0.0175103	0.00541673	0.210722
5.09375	0.0198144	0.0080572	0.2138
5.11875	0.020633	0.00942485	0.217153
5.14375	0.0199334	0.0103196	0.22013
5.16875	0.0176106	0.0126097	0.22488
5.19375	0.0142093	0.0152592	0.223019
5.21875	0.0129041	0.0154221	0.216792
5.24375	0.0125201	0.00691337	0.209855
5.26875	0.0115483	-0.00229491	0.20486
5.29375	0.0120654	-0.00424958	0.203273
5.31875	0.0120654	-0.00424958	0.203273
5.34375	0.0128493	-0.00349491	0.200509
5.36875	0.0128493	-0.00349491	0.200509
5.39375	0.0139639	-0.00240834	0.199994
5.41875	0.0139639	-0.00240834	0.199994
5.44375	0.0139639	-0.00240834	0.199994
5.46875	0.0150845	-0.00227401	0.194572
5.49375	0.0150845	-0.00227401	0.194572
5.51875	0.0150845	-0.00227401	0.194572
5.54375	0.0155498	-0.00205201	0.192774
5.56875	0.0163275	-0.00208459	0.195639
5.59375	0.0168206	-0.00311434	0.195488
5.61875	0.0168206	-0.00311434	0.195488
5.64375	0.0169601	-0.00572814	0.193951
5.66875	0.0169601	-0.00572814	0.193951
5.69375	0.0143181	-0.00498477	0.198462
5.71875	0.0144486	-0.00322597	0.201409
5.74375	0.0144486	-0.00322597	0.201409
5.76875	0.0155027	0.00124263	0.207764
5.79375	0.0166431	0.00336292	0.209502
5.81875	0.0166431	0.00336292	0.209502
5.84375	0.022254	0.00640378	0.216888
5.86875	0.0240014	0.0058177	0.21889
5.89375	0.0218107	0.00665125	0.221953
5.91875	0.0185232	0.0084437	0.227123
5.94375	0.0163156	0.0108126	0.226369
5.96875	0.0130328	0.0142303	0.225024
5.99375	0.0137417	0.0127329	0.215407
