1.01875	1.86265e-08	3.72529e-08	0.24425
1.04375	1.86265e-08	3.72529e-08	0.24425
1.06875	-0.267439	-0.0132098	0.182194
1.09375	-0.267439	-0.0132098	0.182194
1.11875	-0.246745	-0.00175289	0.190603
1.14375	-0.247181	-0.000497386	0.197047
1.16875	-0.247181	-0.000497386	0.197047
1.19375	-0.247077	0.00412434	0.202713
1.21875	-0.245174	0.00884478	0.205296
1.24375	-0.242529	0.0108476	0.210521
1.26875	-0.240727	0.0089402	0.222633
1.29375	-0.235992	0.00808698	0.231892
1.31875	-0.227945	0.00925911	0.231502
1.34375	-0.227945	0.00925911	0.231502
1.36875	-0.218106	0.00956739	0.228751
1.39375	-0.205272	0.00921717	0.227252
1.41875	-0.191325	0.00351429	0.23608
1.44375	-0.191325	0.00351429	0.23608
1.46875	-0.199177	0.00546723	0.248533
1.49375	-0.214159	-0.000756361	0.260249
1.51875	-0.214159	-0.000756361	0.260249
1.54375	-0.269869	-0.0385831	0.272224
1.56875	-0.306751	-0.0669933	0.258192
1.59375	-0.348816	-0.0842673	0.228109
1.61875	-0.395437	-0.0949932	0.177671
1.64375	-0.440213	-0.0982555	0.126662
1.66875	-0.440213	-0.0982555	0.126662
1.69375	-0.467858	-0.115311	0.11833
1.71875	-0.473269	-0.13153	0.127476
1.74375	-0.480165	-0.146297	0.135025
1.76875	-0.480165	-0.146297	0.135025
1.79375	-0.462464	-0.15124	0.155337
1.81875	-0.461312	-0.144776	0.161158
1.84375	-0.458293	-0.127978	0.179642
1.86875	-0.453751	-0.122317	0.184013
1.89375	-0.455046	-0.121971	0.193148
1.91875	-0.455046	-0.121971	0.193148
1.94375	-0.456226	-0.119774	0.200709
1.96875	-0.456226	-0.119774	0.200709
1.99375	-0.454551	-0.113726	0.20369
2.01875	-0.454551	-0.113726	0.20369
2.04375	-0.453735	-0.112448	0.207059
2.06875	-0.453403	-0.112555	0.216172
2.09375	-0.453403	-0.112555	0.216172
2.11875	-0.449803	-0.110183	0.225548
2.14375	-0.449803	-0.110183	0.225548
2.16875	-0.444819	-0.106518	0.225556
2.19375	-0.447017	-0.100455	0.23613
2.21875	-0.447017	-0.100455	0.23613
2.24375	-0.464923	-0.0945183	0.248743
2.26875	-0.464923	-0.0945183	0.248743
2.29375	-0.494043	-0.0989813	0.25589
2.31875	-0.494043	-0.0989813	0.25589
2.34375	-0.528497	-0.107905	0.245467
2.36875	-0.562483	-0.11681	0.207942
2.39375	-0.58318	-0.136864	0.173719
2.41875	-0.613592	-0.160863	0.139758
2.44375	-0.613592	-0.160863	0.139758
2.46875	-0.629488	-0.167208	0.139145
2.49375	-0.629488	-0.167208	0.139145
2.51875	-0.628939	-0.167135	0.140527
2.54375	-0.620294	-0.168461	0.147143
2.56875	-0.620294	-0.168461	0.147143
2.59375	-0.608928	-0.168173	0.156536
2.61875	-0.608928	-0.168173	0.156536
2.64375	-0.597709	-0.153513	0.170597
2.66875	-0.588157	-0.143049	0.18121
2.69375	-0.587109	-0.137519	0.193642
2.71875	-0.585681	-0.133195	0.198774
2.74375	-0.585681	-0.133195	0.198774
2.76875	-0.584373	-0.131254	0.208075
2.79375	-0.584373	-0.131254	0.208075
2.81875	-0.579776	-0.128461	0.223376
2.84375	-0.576045	-0.126628	0.232282
2.86875	-0.568867	-0.121229	0.231179
2.89375	-0.557547	-0.113975	0.229786
2.91875	-0.557547	-0.113975	0.229786
2.94375	-0.549309	-0.108226	0.230023
2.96875	-0.555991	-0.10149	0.236715
2.99375	-0.596996	-0.112793	0.249694
3.01875	-0.632301	-0.132771	0.2503
3.04375	-0.632301	-0.132771	0.2503
3.06875	-0.676539	-0.160814	0.239705
3.09375	-0.717514	-0.19332	0.207932
3.11875	-0.750692	-0.225312	0.175478
3.14375	-0.750692	-0.225312	0.175478
3.16875	-0.771898	-0.233748	0.143151
3.19375	-0.774651	-0.232456	0.140737
3.21875	-0.774651	-0.232456	0.140737
3.24375	-0.779454	-0.232994	0.138208
3.26875	-0.780476	-0.233835	0.138415
3.29375	-0.774706	-0.234154	0.14319
3.31875	-0.762943	-0.236679	0.151938
3.34375	-0.757311	-0.226508	0.166607
3.36875	-0.750417	-0.214642	0.177892
3.39375	-0.743061	-0.206316	0.184019
3.41875	-0.743061	-0.206316	0.184019
3.44375	-0.742942	-0.199365	0.19998
3.46875	-0.740804	-0.191088	0.203147
3.49375	-0.738674	-0.188453	0.206773
3.51875	-0.738674	-0.188453	0.206773
3.54375	-0.736606	-0.187049	0.214347
3.56875	-0.732726	-0.185359	0.222837
3.59375	-0.71893	-0.175987	0.225367
3.61875	-0.712176	-0.171808	0.225276
3.64375	-0.704294	-0.167471	0.226879
3.66875	-0.69573	-0.164469	0.231245
3.69375	-0.692237	-0.168586	0.232648
3.71875	-0.699483	-0.176316	0.237238
3.74375	-0.699483	-0.176316	0.237238
3.76875	-0.716135	-0.190364	0.242127
3.79375	-0.740858	-0.215386	0.242911
3.81875	-0.775331	-0.245351	0.237035
3.84375	-0.813923	-0.270764	0.211066
3.86875	-0.813923	-0.270764	0.211066
3.89375	-0.849808	-0.297752	0.160582
3.91875	-0.869846	-0.312771	0.138502
3.94375	-0.869846	-0.312771	0.138502
3.96875	-0.873717	-0.317332	0.139244
3.99375	-0.873717	-0.317332	0.139244
4.01875	-0.87669	-0.320208	0.138653
4.04375	-0.87669	-0.320208	0.138653
4.06875	-0.874798	-0.320623	0.141302
4.09375	-0.865625	-0.319004	0.152129
4.11875	-0.865625	-0.319004	0.152129
4.14375	-0.862404	-0.303688	0.169128
4.16875	-0.85835	-0.286464	0.180629
4.19375	-0.85835	-0.286464	0.180629
4.21875	-0.864259	-0.277601	0.202204
4.24375	-0.863756	-0.26766	0.207253
4.26875	-0.861932	-0.266083	0.213683
4.29375	-0.861932	-0.266083	0.213683
4.31875	-0.854171	-0.26468	0.226659
4.34375	-0.846478	-0.26219	0.226512
4.36875	-0.838253	-0.258504	0.225749
4.39375	-0.831023	-0.254224	0.225715
4.41875	-0.821703	-0.249732	0.227876
4.44375	-0.821703	-0.249732	0.227876
4.46875	-0.821703	-0.249732	0.227876
4.49375	-0.809745	-0.244796	0.23272
4.51875	-0.809745	-0.244796	0.23272
4.54375	-0.80435	-0.243441	0.236818
4.56875	-0.808734	-0.242675	0.2412
4.59375	-0.808734	-0.242675	0.2412
4.61875	-0.820957	-0.248298	0.242291
4.64375	-0.820957	-0.248298	0.242291
4.66875	-0.876996	-0.283421	0.241245
4.69375	-0.876996	-0.283421	0.241245
4.71875	-0.919884	-0.318905	0.235358
4.74375	-0.965156	-0.356893	0.209179
4.76875	-1.01053	-0.3948	0.159679
4.79375	-1.05271	-0.419898	0.126858
4.81875	-1.04994	-0.439595	0.158066
4.84375	-1.04978	-0.432155	0.175608
4.86875	-1.04857	-0.424822	0.18717
4.89375	-1.04523	-0.419657	0.191892
4.91875	-1.04021	-0.415719	0.191501
4.94375	-1.03973	-0.413826	0.196806
4.96875	-1.03973	-0.413826	0.196806
4.99375	-1.0388	-0.407202	0.200688
5.01875	-1.03774	-0.40277	0.202253
5.04375	-1.03601	-0.399334	0.20862
5.06875	-1.03276	-0.396113	0.219932
5.09375	-1.03276	-0.396113	0.219932
5.11875	-1.0282	-0.392977	0.226402
5.14375	-1.02206	-0.388225	0.225876
5.16875	-1.01476	-0.383066	0.225744
5.19375	-1.01476	-0.383066	0.225744
5.21875	-1.01537	-0.375606	0.233153
5.24375	-1.03101	-0.369055	0.243797
5.26875	-1.05805	-0.373669	0.253803
5.29375	-1.09515	-0.386877	0.256528
5.31875	-1.09515	-0.386877	0.256528
5.34375	-1.13695	-0.403928	0.241373
5.36875	-1.1713	-0.429381	0.208186
5.39375	-1.19984	-0.452134	0.175768
5.41875	-1.22242	-0.468928	0.150612
5.44375	-1.22948	-0.466844	0.143103
5.46875	-1.22948	-0.466844	0.143103
5.49375	-1.23387	-0.465732	0.140008
5.51875	-1.23387	-0.465732	0.140008
5.54375	-1.23559	-0.465559	0.13904
5.56875	-1.22912	-0.466426	0.144462
5.59375	-1.21875	-0.469339	0.153541
5.61875	-1.21236	-0.459488	0.169039
5.64375	-1.2031	-0.447492	0.180891
5.66875	-1.19509	-0.439785	0.186886
5.69375	-1.19509	-0.439785	0.186886
5.71875	-1.19348	-0.429886	0.200667
5.74375	-1.19348	-0.429886	0.200667
5.76875	-1.19166	-0.424809	0.203278
5.79375	-1.19166	-0.424809	0.203278
5.81875	-1.18889	-0.420465	0.20839
5.84375	-1.18516	-0.417485	0.217835
5.86875	-1.17909	-0.413217	0.22549
5.89375	-1.17909	-0.413217	0.22549
5.91875	-1.17197	-0.408415	0.225869
5.94375	-1.17197	-0.408415	0.225869
5.96875	-1.16679	-0.403634	0.230633
5.99375	-1.16679	-0.403634	0.230633
