1.01875	1.86265e-08	3.72529e-08	0.24425
1.04375	-0.254248	-0.0289768	0.168948
1.06875	-0.304099	-0.0073801	0.140097
1.09375	-0.32289	-0.0146309	0.14985
1.11875	-0.321163	-0.013647	0.18051
1.14375	-0.315165	-0.0112799	0.195725
1.16875	-0.30542	-0.00896171	0.193882
1.19375	-0.301511	-0.00837227	0.198672
1.21875	-0.29741	-0.00637891	0.2138
1.24375	-0.29741	-0.00637891	0.2138
1.26875	-0.291311	-0.0065298	0.241659
1.29375	-0.284207	-0.0046601	0.237192
1.31875	-0.284207	-0.0046601	0.237192
1.34375	-0.261297	-0.0045162	0.228015
1.36875	-0.249465	-0.0105852	0.226062
1.39375	-0.239008	-0.0209306	0.222691
1.41875	-0.234374	-0.0230509	0.224651
1.44375	-0.235679	-0.0220693	0.225802
1.46875	-0.242689	-0.0252157	0.230559
1.49375	-0.256279	-0.0257787	0.242155
1.51875	-0.256279	-0.0257787	0.242155
1.54375	-0.301014	-0.0436618	0.264094
1.56875	-0.335698	-0.0678922	0.266274
1.59375	-0.378046	-0.10133	0.253645
1.61875	-0.421355	-0.138932	0.220359
1.64375	-0.421355	-0.138932	0.220359
1.66875	-0.502797	-0.211043	0.124115
1.69375	-0.513607	-0.229599	0.127333
1.71875	-0.513607	-0.229599	0.127333
1.74375	-0.532143	-0.255927	0.13063
1.76875	-0.525912	-0.247786	0.126754
1.79375	-0.525912	-0.247786	0.126754
1.81875	-0.509142	-0.246343	0.143775
1.84375	-0.504423	-0.242164	0.155517
1.86875	-0.504088	-0.231024	0.168479
1.89375	-0.505534	-0.226049	0.18111
1.91875	-0.505534	-0.226049	0.18111
1.94375	-0.508102	-0.227013	0.19483
1.96875	-0.507736	-0.223588	0.196556
1.99375	-0.506986	-0.221014	0.20769
2.01875	-0.506986	-0.221014	0.20769
2.04375	-0.506933	-0.21985	0.228111
2.06875	-0.501846	-0.214926	0.233748
2.09375	-0.501846	-0.214926	0.233748
2.11875	-0.49421	-0.210894	0.231716
2.14375	-0.482867	-0.207359	0.230014
2.16875	-0.471003	-0.206129	0.230062
2.19375	-0.471003	-0.206129	0.230062
2.21875	-0.462757	-0.209362	0.229537
2.24375	-0.465622	-0.227699	0.244577
2.26875	-0.465622	-0.227699	0.244577
2.29375	-0.474986	-0.238929	0.255741
2.31875	-0.490458	-0.256745	0.267216
2.34375	-0.545654	-0.319688	0.266055
2.36875	-0.580101	-0.357921	0.238615
2.39375	-0.580101	-0.357921	0.238615
2.41875	-0.67796	-0.398058	0.1556
2.44375	-0.722225	-0.415645	0.121067
2.46875	-0.737533	-0.447395	0.123285
2.49375	-0.751559	-0.473416	0.126264
2.51875	-0.756408	-0.476342	0.134881
2.54375	-0.752747	-0.477363	0.133676
2.56875	-0.749602	-0.471991	0.135538
2.59375	-0.741806	-0.470598	0.14301
2.61875	-0.741806	-0.470598	0.14301
2.64375	-0.733226	-0.465456	0.156811
2.66875	-0.73204	-0.451018	0.172524
2.69375	-0.731056	-0.439732	0.182945
2.71875	-0.731056	-0.439732	0.182945
2.74375	-0.733071	-0.430497	0.204293
2.76875	-0.733195	-0.426863	0.2231
2.79375	-0.734885	-0.425559	0.236309
2.81875	-0.734885	-0.425559	0.236309
2.84375	-0.733026	-0.421614	0.236149
2.86875	-0.727001	-0.415866	0.234396
2.89375	-0.727001	-0.415866	0.234396
2.91875	-0.717588	-0.408475	0.23172
2.94375	-0.708041	-0.402715	0.230942
2.96875	-0.708041	-0.402715	0.230942
2.99375	-0.700746	-0.398982	0.230814
3.01875	-0.700746	-0.398982	0.230814
3.04375	-0.70075	-0.402053	0.235376
3.06875	-0.70075	-0.402053	0.235376
3.09375	-0.707255	-0.412167	0.243336
3.11875	-0.720919	-0.426493	0.245214
3.14375	-0.720919	-0.426493	0.245214
3.16875	-0.743413	-0.441794	0.246606
3.19375	-0.775578	-0.462524	0.250291
3.21875	-0.775578	-0.462524	0.250291
3.24375	-0.818388	-0.492674	0.250857
3.26875	-0.864389	-0.525953	0.233326
3.29375	-0.911903	-0.554364	0.19706
3.31875	-0.970603	-0.551026	0.16843
3.34375	-1.01936	-0.55619	0.136265
3.36875	-1.02974	-0.566317	0.14867
3.39375	-1.02907	-0.565797	0.17365
3.41875	-1.02907	-0.565797	0.17365
3.44375	-1.02726	-0.563273	0.189021
3.46875	-1.02663	-0.56204	0.194896
3.49375	-1.02623	-0.560533	0.198774
3.51875	-1.02517	-0.560049	0.213035
3.54375	-1.02408	-0.560003	0.231956
3.56875	-1.02408	-0.560003	0.231956
3.59375	-1.02098	-0.558294	0.235051
3.61875	-1.01578	-0.554797	0.231493
3.64375	-1.01578	-0.554797	0.231493
3.66875	-1.00737	-0.550315	0.228173
3.69375	-1.00737	-0.550315	0.228173
3.71875	-0.994818	-0.544915	0.229409
3.74375	-0.994818	-0.544915	0.229409
3.76875	-0.983095	-0.545157	0.230682
3.79375	-0.977917	-0.550752	0.2363
3.81875	-0.977917	-0.550752	0.2363
3.84375	-0.983769	-0.554525	0.24952
3.86875	-0.983769	-0.554525	0.24952
3.89375	-0.995289	-0.565331	0.255411
3.91875	-1.01208	-0.587282	0.258143
3.94375	-1.03331	-0.626156	0.261219
3.96875	-1.03331	-0.626156	0.261219
3.99375	-1.05631	-0.673651	0.250475
4.01875	-1.05631	-0.673651	0.250475
4.04375	-1.07903	-0.722703	0.218285
4.06875	-1.10129	-0.772272	0.164743
4.09375	-1.10129	-0.772272	0.164743
4.11875	-1.13832	-0.806095	0.132765
4.14375	-1.13832	-0.806095	0.132765
4.16875	-1.14494	-0.83296	0.141993
4.19375	-1.14494	-0.83296	0.141993
4.21875	-1.14494	-0.83296	0.141993
4.24375	-1.14657	-0.832773	0.171231
4.26875	-1.14657	-0.832773	0.171231
4.29375	-1.1518	-0.830774	0.208913
4.31875	-1.1518	-0.830774	0.208913
4.34375	-1.1529	-0.833444	0.22477
4.36875	-1.15187	-0.83483	0.238411
4.39375	-1.14848	-0.834042	0.236546
4.41875	-1.1307	-0.827494	0.231339
4.44375	-1.12028	-0.825652	0.230468
4.46875	-1.12028	-0.825652	0.230468
4.49375	-1.11575	-0.831465	0.230155
4.51875	-1.11883	-0.844238	0.234794
4.54375	-1.11883	-0.844238	0.234794
4.56875	-1.12992	-0.851568	0.247628
4.59375	-1.14626	-0.863897	0.258625
4.61875	-1.16997	-0.884276	0.263364
4.64375	-1.20399	-0.91529	0.261231
4.66875	-1.24152	-0.95225	0.24217
4.69375	-1.27892	-0.99153	0.201268
4.71875	-1.3256	-1.02136	0.151612
4.74375	-1.3664	-1.03578	0.119806
4.76875	-1.37478	-1.05234	0.122069
4.79375	-1.37478	-1.05234	0.122069
4.81875	-1.384	-1.06963	0.121619
4.84375	-1.38418	-1.08057	0.132139
4.86875	-1.37102	-1.08456	0.148422
4.89375	-1.36232	-1.07954	0.163034
4.91875	-1.36232	-1.07954	0.163034
4.94375	-1.35938	-1.06578	0.177205
4.96875	-1.35938	-1.06578	0.177205
4.99375	-1.35567	-1.05147	0.184457
5.01875	-1.35355	-1.04842	0.196357
5.04375	-1.35355	-1.04842	0.196357
5.06875	-1.35194	-1.04592	0.215535
5.09375	-1.35025	-1.04302	0.235669
5.11875	-1.35025	-1.04302	0.235669
5.14375	-1.34605	-1.03862	0.236871
5.16875	-1.33887	-1.03264	0.234843
5.19375	-1.33887	-1.03264	0.234843
5.21875	-1.33887	-1.03264	0.234843
5.24375	-1.32889	-1.02557	0.232975
5.26875	-1.31756	-1.01696	0.233139
5.29375	-1.31298	-1.01447	0.237264
5.31875	-1.31298	-1.01447	0.237264
5.34375	-1.3148	-1.01767	0.24383
5.36875	-1.32313	-1.02498	0.24821
5.39375	-1.32313	-1.02498	0.24821
5.41875	-1.37078	-1.05204	0.248926
5.44375	-1.37078	-1.05204	0.248926
5.46875	-1.41182	-1.07282	0.251135
5.49375	-1.46281	-1.09877	0.244224
5.51875	-1.46281	-1.09877	0.244224
5.54375	-1.51592	-1.12485	0.216695
5.56875	-1.62657	-1.1133	0.143961
5.59375	-1.62657	-1.1133	0.143961
5.61875	-1.6602	-1.12346	0.133676
5.64375	-1.66352	-1.13852	0.152998
5.66875	-1.66403	-1.1417	0.176955
5.69375	-1.66244	-1.1414	0.192984
5.71875	-1.66244	-1.1414	0.192984
5.74375	-1.6573	-1.14014	0.196846
5.76875	-1.64977	-1.13796	0.19653
5.79375	-1.64977	-1.13796	0.19653
5.81875	-1.64973	-1.13861	0.203285
5.84375	-1.65019	-1.14011	0.220063
5.86875	-1.65125	-1.14313	0.236177
5.89375	-1.64972	-1.14387	0.236307
5.91875	-1.64972	-1.14387	0.236307
5.94375	-1.64559	-1.14163	0.231829
5.96875	-1.63754	-1.13795	0.22845
5.99375	-1.63754	-1.13795	0.22845
