1.01875	1.86265e-08	3.72529e-08	0.24425
1.04375	0.0465533	-0.0200277	0.18925
1.06875	0.0465533	-0.0200277	0.18925
1.09375	0.0126919	-0.021768	0.191432
1.11875	0.0098478	-0.0225529	0.195551
1.14375	0.0098478	-0.0225529	0.195551
1.16875	0.00964314	-0.0228189	0.199163
1.19375	0.00964314	-0.0228189	0.199163
1.21875	0.0110909	-0.0215142	0.202811
1.24375	0.0109401	-0.0204857	0.20767
1.26875	0.0114896	-0.0203183	0.211839
1.29375	0.0136705	-0.020773	0.215764
1.31875	0.0147985	-0.0215039	0.220464
1.34375	0.0147985	-0.0215039	0.220464
1.36875	0.0175729	-0.0212208	0.229154
1.39375	0.0154741	-0.0198477	0.231901
1.41875	0.0123204	-0.0184333	0.235692
1.44375	0.00717381	-0.0147553	0.221822
1.46875	0.00717381	-0.0147553	0.221822
1.49375	0.0051473	-0.0170388	0.213826
1.51875	0.00608413	-0.0246925	0.207211
1.54375	0.00608413	-0.0246925	0.207211
1.56875	0.00899083	-0.026648	0.197471
1.59375	0.00899083	-0.026648	0.197471
1.61875	0.0143171	-0.0257902	0.195218
1.64375	0.0143171	-0.0257902	0.195218
1.66875	0.0192771	-0.0248416	0.191714
1.69375	0.0247795	-0.0260814	0.180196
1.71875	0.0247795	-0.0260814	0.180196
1.74375	0.0288025	-0.0257337	0.178875
1.76875	0.0340788	-0.0261285	0.18026
1.79375	0.0404569	-0.0255236	0.183367
1.81875	0.0377833	-0.0265029	0.189836
1.84375	0.0258191	-0.0278771	0.191288
1.86875	0.0153922	-0.0292296	0.194647
1.89375	0.0153922	-0.0292296	0.194647
1.91875	0.0143144	-0.0292955	0.203286
1.94375	0.0169674	-0.0289357	0.206791
1.96875	0.0169674	-0.0289357	0.206791
1.99375	0.0190562	-0.0288101	0.215329
2.01875	0.0213173	-0.0295034	0.217973
2.04375	0.0213173	-0.0295034	0.217973
2.06875	0.0260141	-0.0315892	0.224037
2.09375	0.0260141	-0.0315892	0.224037
2.11875	0.0275052	-0.0314245	0.228033
2.14375	0.0275052	-0.0314245	0.228033
2.16875	0.0253178	-0.0300472	0.231983
2.19375	0.0216329	-0.0288289	0.232101
2.21875	0.0202026	-0.0275569	0.218662
2.24375	0.0202026	-0.0275569	0.218662
2.26875	0.0204093	-0.0283087	0.210289
2.29375	0.0204093	-0.0283087	0.210289
2.31875	0.0240473	-0.0353405	0.199631
2.34375	0.0284981	-0.0353482	0.197363
2.36875	0.0336457	-0.036444	0.192795
2.39375	0.0336457	-0.036444	0.192795
2.41875	0.0391218	-0.0381558	0.185844
2.44375	0.0453174	-0.040202	0.178223
2.46875	0.0507537	-0.0417749	0.176683
2.49375	0.0578376	-0.040914	0.179033
2.51875	0.0578376	-0.040914	0.179033
2.54375	0.0675285	-0.0397174	0.18043
2.56875	0.0670426	-0.0401116	0.185437
2.59375	0.0565962	-0.0379933	0.19116
2.61875	0.0565962	-0.0379933	0.19116
2.64375	0.0387275	-0.0370047	0.193256
2.66875	0.0387275	-0.0370047	0.193256
2.69375	0.0269231	-0.0386196	0.198709
2.71875	0.0269231	-0.0386196	0.198709
2.74375	0.0276715	-0.037156	0.206915
2.76875	0.027136	-0.0357388	0.214382
2.79375	0.027136	-0.0357388	0.214382
2.81875	0.0290922	-0.0361389	0.218956
2.84375	0.0298658	-0.0382529	0.224022
2.86875	0.0298658	-0.0382529	0.224022
2.89375	0.0302788	-0.0385121	0.228228
2.91875	0.0297668	-0.0368293	0.230486
2.94375	0.0297668	-0.0368293	0.230486
2.96875	0.0297329	-0.0351759	0.225774
2.99375	0.0297329	-0.0351759	0.225774
3.01875	0.0281415	-0.0335514	0.213113
3.04375	0.0260416	-0.0364407	0.206329
3.06875	0.0263474	-0.039229	0.197296
3.09375	0.028237	-0.0377071	0.195421
3.11875	0.028237	-0.0377071	0.195421
3.14375	0.0294291	-0.0370379	0.19389
3.16875	0.0316284	-0.0365785	0.188207
3.19375	0.0340675	-0.0369817	0.181378
3.21875	0.0362086	-0.0383195	0.176096
3.24375	0.0362086	-0.0383195	0.176096
3.26875	0.0367254	-0.0376785	0.178356
3.29375	0.0381229	-0.0378956	0.182004
3.31875	0.0381229	-0.0378956	0.182004
3.34375	0.039037	-0.0393416	0.184124
3.36875	0.0397484	-0.0398096	0.185016
3.39375	0.0331109	-0.0395415	0.190113
3.41875	0.0331109	-0.0395415	0.190113
3.44375	0.0297435	-0.039428	0.197716
3.46875	0.028936	-0.0390454	0.20324
3.49375	0.0284459	-0.0381423	0.20835
3.51875	0.0295795	-0.0372804	0.213521
3.54375	0.031784	-0.0374996	0.218089
3.56875	0.0341058	-0.0392746	0.221978
3.59375	0.0358977	-0.0411362	0.226141
3.61875	0.0365885	-0.0402338	0.229269
3.64375	0.0365885	-0.0402338	0.229269
3.66875	0.0324851	-0.0364454	0.237662
3.69375	0.0324851	-0.0364454	0.237662
3.71875	0.0317523	-0.0334162	0.221437
3.74375	0.0317523	-0.0334162	0.221437
3.76875	0.0280518	-0.0396524	0.208638
3.79375	0.027091	-0.0438834	0.204818
3.81875	0.0276095	-0.043061	0.201645
3.84375	0.0276095	-0.043061	0.201645
3.86875	0.0326581	-0.0413114	0.195164
3.89375	0.035452	-0.0421274	0.190545
3.91875	0.0385993	-0.0435338	0.182923
3.94375	0.0385993	-0.0435338	0.182923
3.96875	0.0477883	-0.0461254	0.1727
3.99375	0.0522311	-0.0464223	0.175278
4.01875	0.0584841	-0.0480514	0.179299
4.04375	0.0584841	-0.0480514	0.179299
4.06875	0.0650102	-0.0501424	0.189639
4.09375	0.0650102	-0.0501424	0.189639
4.11875	0.0354859	-0.0482706	0.193034
4.14375	0.026775	-0.0486038	0.194929
4.16875	0.026775	-0.0486038	0.194929
4.19375	0.0264102	-0.0487213	0.200559
4.21875	0.0280441	-0.047994	0.207277
4.24375	0.0280441	-0.047994	0.207277
4.26875	0.0301128	-0.0477834	0.215312
4.29375	0.0336429	-0.0485883	0.217376
4.31875	0.0336429	-0.0485883	0.217376
4.34375	0.0336429	-0.0485883	0.217376
4.36875	0.0444321	-0.0522382	0.228478
4.39375	0.0444321	-0.0522382	0.228478
4.41875	0.042864	-0.0522278	0.232475
4.44375	0.0396242	-0.0524496	0.237031
4.46875	0.0359908	-0.0527746	0.233817
4.49375	0.0359908	-0.0527746	0.233817
4.51875	0.0347048	-0.0530918	0.218899
4.54375	0.0347048	-0.0530918	0.218899
4.56875	0.0337757	-0.0537867	0.207244
4.59375	0.0337757	-0.0537867	0.207244
4.61875	0.0333845	-0.0533696	0.196198
4.64375	0.0333845	-0.0533696	0.196198
4.66875	0.0347449	-0.0532516	0.192627
4.69375	0.0358501	-0.0543955	0.186163
4.71875	0.0370061	-0.0543268	0.179356
4.74375	0.0370061	-0.0543268	0.179356
4.76875	0.0351769	-0.0528507	0.181648
4.79375	0.0351769	-0.0528507	0.181648
4.81875	0.0349207	-0.0531477	0.183985
4.84375	0.0342929	-0.054309	0.187082
4.86875	0.0334632	-0.0553159	0.187481
4.89375	0.0353335	-0.0565389	0.188436
4.91875	0.0342506	-0.0570069	0.193471
4.94375	0.0313296	-0.0561068	0.197995
4.96875	0.0312394	-0.0547839	0.206074
4.99375	0.0311538	-0.0534638	0.210719
5.01875	0.0311538	-0.0534638	0.210719
5.04375	0.0311538	-0.0534638	0.210719
5.06875	0.0311538	-0.0534638	0.210719
5.09375	0.0311538	-0.0534638	0.210719
5.11875	0.0311538	-0.0534638	0.210719
5.14375	0.0319055	-0.0535958	0.214842
5.16875	0.038517	-0.0558161	0.229171
5.19375	0.038517	-0.0558161	0.229171
5.21875	0.034546	-0.0547621	0.230642
5.24375	0.034546	-0.0547621	0.230642
5.26875	0.0297395	-0.0536544	0.221176
5.29375	0.0285296	-0.0551416	0.211026
5.31875	0.0285296	-0.0551416	0.211026
5.34375	0.0285296	-0.0551416	0.211026
5.36875	0.0285296	-0.0551416	0.211026
5.39375	0.0285296	-0.0551416	0.211026
5.41875	0.0285296	-0.0551416	0.211026
5.44375	0.0285296	-0.0551416	0.211026
5.46875	0.0285296	-0.0551416	0.211026
5.49375	0.0389075	-0.0620658	0.194033
5.51875	0.0439069	-0.0661702	0.182161
5.54375	0.0479512	-0.0657168	0.183527
5.56875	0.0529388	-0.0654676	0.18413
5.59375	0.0529388	-0.0654676	0.18413
5.61875	0.0559759	-0.065708	0.187628
5.64375	0.0483465	-0.0650122	0.191723
5.66875	0.0483465	-0.0650122	0.191723
5.69375	0.0483465	-0.0650122	0.191723
5.71875	0.0483465	-0.0650122	0.191723
5.74375	0.0307459	-0.0639265	0.200896
5.76875	0.0324643	-0.0636115	0.204429
5.79375	0.0324643	-0.0636115	0.204429
5.81875	0.0339678	-0.0626136	0.209394
5.84375	0.0366958	-0.0652199	0.219098
5.86875	0.0359475	-0.0674693	0.224656
5.89375	0.0361189	-0.0672941	0.228715
5.91875	0.0361189	-0.0672941	0.228715
5.94375	0.0361189	-0.0672941	0.228715
5.96875	0.0361189	-0.0672941	0.228715
5.99375	0.0311831	-0.0635989	0.236272
