1.01875	1.86265e-08	3.72529e-08	0.24425
1.04375	1.86265e-08	3.72529e-08	0.24425
1.06875	-0.251217	0.0602396	0.140735
1.09375	-0.251217	0.0602396	0.140735
1.11875	-0.250595	0.0631051	0.145765
1.14375	-0.236789	0.0656871	0.167495
1.16875	-0.236789	0.0656871	0.167495
1.19375	-0.227919	0.0750366	0.190087
1.21875	-0.22169	0.0856238	0.212716
1.24375	-0.215213	0.0922808	0.232315
1.26875	-0.205585	0.0961506	0.241719
1.29375	-0.205585	0.0961506	0.241719
1.31875	-0.193794	0.0998637	0.240244
1.34375	-0.179451	0.103174	0.238001
1.36875	-0.167328	0.102216	0.235913
1.39375	-0.167328	0.102216	0.235913
1.41875	-0.159343	0.0979666	0.233947
1.44375	-0.154984	0.0946503	0.232792
1.46875	-0.154984	0.0946503	0.232792
1.49375	-0.159867	0.0909339	0.236764
1.51875	-0.172918	0.0863292	0.241618
1.54375	-0.172918	0.0863292	0.241618
1.56875	-0.195235	0.0807599	0.243564
1.59375	-0.229057	0.0743573	0.241635
1.61875	-0.278342	0.0672601	0.234374
1.64375	-0.278342	0.0672601	0.234374
1.66875	-0.399938	0.0536297	0.180354
1.69375	-0.399938	0.0536297	0.180354
1.71875	-0.450039	0.0818908	0.144377
1.74375	-0.478196	0.0851366	0.132479
1.76875	-0.467579	0.0727307	0.150964
1.79375	-0.467579	0.0727307	0.150964
1.81875	-0.445472	0.0811272	0.170232
1.84375	-0.43461	0.0861568	0.177535
1.86875	-0.424526	0.0889512	0.181801
1.89375	-0.424544	0.0899045	0.189247
1.91875	-0.43114	0.0897294	0.192376
1.94375	-0.430831	0.0924018	0.198129
1.96875	-0.427941	0.0984493	0.204366
1.99375	-0.42336	0.101851	0.22165
2.01875	-0.42336	0.101851	0.22165
2.04375	-0.42336	0.101851	0.22165
2.06875	-0.42336	0.101851	0.22165
2.09375	-0.388493	0.105279	0.235396
2.11875	-0.376642	0.104354	0.23305
2.14375	-0.36647	0.101505	0.2319
2.16875	-0.361037	0.0945703	0.23136
2.19375	-0.362384	0.0826728	0.231023
2.21875	-0.362384	0.0826728	0.231023
2.24375	-0.362384	0.0826728	0.231023
2.26875	-0.410652	0.0421063	0.259935
2.29375	-0.481371	-0.00231582	0.26315
2.31875	-0.522917	-0.0127117	0.243882
2.34375	-0.564932	-0.0241917	0.197349
2.36875	-0.599208	-0.040018	0.141034
2.39375	-0.599208	-0.040018	0.141034
2.41875	-0.611152	-0.0483999	0.139736
2.44375	-0.611152	-0.0483999	0.139736
2.46875	-0.614409	-0.049892	0.138308
2.49375	-0.614925	-0.049742	0.137823
2.51875	-0.604897	-0.0484761	0.146987
2.54375	-0.597912	-0.0447851	0.156717
2.56875	-0.597063	-0.0343207	0.169276
2.59375	-0.594149	-0.022878	0.178607
2.61875	-0.594149	-0.022878	0.178607
2.64375	-0.587442	-0.0140111	0.18623
2.66875	-0.588682	-0.017432	0.190052
2.69375	-0.589532	-0.0167788	0.196983
2.71875	-0.590466	-0.00798392	0.203059
2.74375	-0.588352	-0.00310737	0.207994
2.76875	-0.586332	-0.000801768	0.218424
2.79375	-0.584153	0.000110734	0.225052
2.81875	-0.584153	0.000110734	0.225052
2.84375	-0.580065	0.00303293	0.226046
2.86875	-0.580065	0.00303293	0.226046
2.89375	-0.573574	0.0077012	0.225501
2.91875	-0.563433	0.0142395	0.228729
2.94375	-0.563433	0.0142395	0.228729
2.96875	-0.553108	0.0193918	0.233377
2.99375	-0.553108	0.0193918	0.233377
3.01875	-0.553108	0.0193918	0.233377
3.04375	-0.547989	0.0181731	0.235869
3.06875	-0.547989	0.0181731	0.235869
3.09375	-0.547989	0.0181731	0.235869
3.11875	-0.588329	-0.0220818	0.242431
3.14375	-0.660274	-0.0842754	0.214306
3.16875	-0.660274	-0.0842754	0.214306
3.19375	-0.701348	-0.112151	0.169166
3.21875	-0.757046	-0.14068	0.126383
3.24375	-0.755185	-0.148728	0.135223
3.26875	-0.755185	-0.148728	0.135223
3.29375	-0.749238	-0.149979	0.142853
3.31875	-0.73427	-0.13494	0.166923
3.34375	-0.732536	-0.120517	0.177671
3.36875	-0.728249	-0.109219	0.181575
3.39375	-0.728249	-0.109219	0.181575
3.41875	-0.727756	-0.111037	0.193896
3.44375	-0.731497	-0.110348	0.20377
3.46875	-0.731497	-0.110348	0.20377
3.49375	-0.729868	-0.10419	0.20746
3.51875	-0.726625	-0.102277	0.215732
3.54375	-0.726625	-0.102277	0.215732
3.56875	-0.717413	-0.102648	0.226486
3.59375	-0.710029	-0.100687	0.226108
3.61875	-0.696151	-0.0946239	0.226066
3.64375	-0.696151	-0.0946239	0.226066
3.66875	-0.672575	-0.0895364	0.231644
3.69375	-0.659298	-0.0900178	0.233304
3.71875	-0.651889	-0.09579	0.233765
3.74375	-0.653507	-0.0953351	0.24313
3.76875	-0.659728	-0.101823	0.25152
3.79375	-0.671328	-0.11666	0.259517
3.81875	-0.689224	-0.140159	0.2652
3.84375	-0.71499	-0.167849	0.269843
3.86875	-0.784306	-0.230499	0.234315
3.89375	-0.830247	-0.246771	0.195808
3.91875	-0.886607	-0.251994	0.145128
3.94375	-0.914285	-0.259388	0.125208
3.96875	-0.917525	-0.272445	0.133658
3.99375	-0.917525	-0.272445	0.133658
4.01875	-0.9284	-0.298676	0.139412
4.04375	-0.935608	-0.313046	0.141168
4.06875	-0.935608	-0.313046	0.141168
4.09375	-0.935608	-0.313046	0.141168
4.11875	-0.917241	-0.288113	0.17842
4.14375	-0.91293	-0.277063	0.182738
4.16875	-0.91293	-0.277063	0.182738
4.19375	-0.91679	-0.277703	0.196874
4.21875	-0.918079	-0.276254	0.2005
4.24375	-0.918158	-0.272996	0.200999
4.26875	-0.918158	-0.272996	0.200999
4.29375	-0.917552	-0.272824	0.208076
4.31875	-0.916094	-0.273048	0.22251
4.34375	-0.906357	-0.2724	0.226786
4.36875	-0.906357	-0.2724	0.226786
4.39375	-0.898729	-0.269495	0.226255
4.41875	-0.880381	-0.262378	0.230518
4.44375	-0.880381	-0.262378	0.230518
4.46875	-0.881156	-0.261379	0.23524
4.49375	-0.895524	-0.258826	0.24552
4.51875	-0.95406	-0.282744	0.257219
4.54375	-0.95406	-0.282744	0.257219
4.56875	-0.995018	-0.304536	0.24622
4.59375	-1.03588	-0.327702	0.21199
4.61875	-1.07836	-0.368468	0.169401
4.64375	-1.08069	-0.371019	0.146476
4.66875	-1.08069	-0.371019	0.146476
4.69375	-1.08145	-0.365742	0.143257
4.71875	-1.08077	-0.362805	0.141375
4.74375	-1.0797	-0.360423	0.140002
4.76875	-1.08007	-0.360032	0.139619
4.79375	-1.08053	-0.360996	0.14041
4.81875	-1.0794	-0.365317	0.145434
4.84375	-1.07324	-0.369256	0.15537
4.86875	-1.06957	-0.360014	0.169962
4.89375	-1.0557	-0.345278	0.183919
4.91875	-1.05276	-0.34588	0.191641
4.94375	-1.05276	-0.34588	0.191641
4.96875	-1.05157	-0.343022	0.197373
4.99375	-1.05064	-0.338206	0.202827
5.01875	-1.04901	-0.333795	0.205049
5.04375	-1.04901	-0.333795	0.205049
5.06875	-1.04901	-0.333795	0.205049
5.09375	-1.04901	-0.333795	0.205049
5.11875	-1.02693	-0.318334	0.226762
5.14375	-1.01785	-0.313148	0.225689
5.16875	-1.00789	-0.308685	0.22796
5.19375	-1.00314	-0.306497	0.231507
5.21875	-1.01247	-0.303588	0.240437
5.24375	-1.01247	-0.303588	0.240437
5.26875	-1.06131	-0.325467	0.256442
5.29375	-1.06131	-0.325467	0.256442
5.31875	-1.14337	-0.378903	0.235624
5.34375	-1.18752	-0.408628	0.193671
5.36875	-1.18752	-0.408628	0.193671
5.39375	-1.20158	-0.423262	0.179328
5.41875	-1.20713	-0.429869	0.157578
5.44375	-1.20713	-0.429869	0.157578
5.46875	-1.21418	-0.432085	0.14187
5.49375	-1.21418	-0.432085	0.14187
5.51875	-1.22091	-0.434079	0.140581
5.54375	-1.22091	-0.434079	0.140581
5.56875	-1.21959	-0.437563	0.145608
5.59375	-1.20844	-0.438145	0.15534
5.61875	-1.20844	-0.438145	0.15534
5.64375	-1.20367	-0.426316	0.171206
5.66875	-1.19577	-0.413194	0.180524
5.69375	-1.19577	-0.413194	0.180524
5.71875	-1.1929	-0.407184	0.188935
5.74375	-1.1929	-0.407184	0.188935
5.76875	-1.19524	-0.404893	0.194819
5.79375	-1.19524	-0.404893	0.194819
5.81875	-1.19642	-0.403497	0.203692
5.84375	-1.19642	-0.403497	0.203692
5.86875	-1.19561	-0.40066	0.215411
5.89375	-1.19479	-0.39894	0.226799
5.91875	-1.19479	-0.39894	0.226799
5.94375	-1.19127	-0.394629	0.227686
5.96875	-1.19127	-0.394629	0.227686
5.99375	-1.18526	-0.38836	0.231445
