1.01875	1.86265e-08	3.72529e-08	0.24425
1.04375	1.86265e-08	3.72529e-08	0.24425
1.06875	-0.271149	-0.040775	0.181582
1.09375	-0.260291	-0.0359488	0.184999
1.11875	-0.249447	-0.0327032	0.186407
1.14375	-0.248278	-0.0322704	0.193638
1.16875	-0.250954	-0.0288777	0.206196
1.19375	-0.251186	-0.0235744	0.213832
1.21875	-0.251186	-0.0235744	0.213832
1.24375	-0.249428	-0.0220326	0.23193
1.26875	-0.239624	-0.0191678	0.232169
1.29375	-0.230771	-0.0174566	0.227116
1.31875	-0.222256	-0.0168029	0.225557
1.34375	-0.222256	-0.0168029	0.225557
1.36875	-0.199952	-0.0148838	0.227688
1.39375	-0.18371	-0.0153597	0.228062
1.41875	-0.167789	-0.0178799	0.228425
1.44375	-0.161377	-0.0168463	0.240078
1.46875	-0.159245	-0.0145786	0.252664
1.49375	-0.161097	-0.0329164	0.277777
1.51875	-0.165683	-0.0542381	0.288435
1.54375	-0.165683	-0.0542381	0.288435
1.56875	-0.184747	-0.124208	0.296214
1.59375	-0.220595	-0.190019	0.257514
1.61875	-0.25185	-0.188821	0.246706
1.64375	-0.25185	-0.188821	0.246706
1.66875	-0.324121	-0.187233	0.194503
1.69375	-0.369876	-0.201128	0.169133
1.71875	-0.369876	-0.201128	0.169133
1.74375	-0.369876	-0.201128	0.169133
1.76875	-0.369876	-0.201128	0.169133
1.79375	-0.478438	-0.286933	0.138002
1.81875	-0.478438	-0.286933	0.138002
1.84375	-0.47247	-0.285029	0.151827
1.86875	-0.466586	-0.269312	0.162947
1.89375	-0.466586	-0.269312	0.162947
1.91875	-0.463458	-0.253096	0.174754
1.94375	-0.469016	-0.251151	0.194124
1.96875	-0.469016	-0.251151	0.194124
1.99375	-0.471847	-0.250959	0.205947
2.01875	-0.473179	-0.250394	0.217939
2.04375	-0.473179	-0.250394	0.217939
2.06875	-0.473914	-0.250281	0.232432
2.09375	-0.473914	-0.250281	0.232432
2.11875	-0.471668	-0.249198	0.234286
2.14375	-0.465395	-0.245619	0.23385
2.16875	-0.452119	-0.237357	0.24141
2.19375	-0.441118	-0.231118	0.246836
2.21875	-0.441118	-0.231118	0.246836
2.24375	-0.436298	-0.231418	0.248784
2.26875	-0.43793	-0.239543	0.250646
2.29375	-0.44639	-0.254942	0.251477
2.31875	-0.44639	-0.254942	0.251477
2.34375	-0.462769	-0.27814	0.249469
2.36875	-0.462769	-0.27814	0.249469
2.39375	-0.490036	-0.305644	0.245243
2.41875	-0.528897	-0.337586	0.236585
2.44375	-0.528897	-0.337586	0.236585
2.46875	-0.574612	-0.37609	0.215591
2.49375	-0.624048	-0.401718	0.183883
2.51875	-0.683636	-0.411248	0.145466
2.54375	-0.683636	-0.411248	0.145466
2.56875	-0.715005	-0.429006	0.122041
2.59375	-0.715538	-0.428501	0.143204
2.61875	-0.71196	-0.423105	0.170165
2.64375	-0.71196	-0.423105	0.170165
2.66875	-0.711618	-0.41856	0.190752
2.69375	-0.712606	-0.414988	0.202678
2.71875	-0.712694	-0.410292	0.208501
2.74375	-0.712694	-0.410292	0.208501
2.76875	-0.712694	-0.410292	0.208501
2.79375	-0.710961	-0.405129	0.207061
2.81875	-0.705312	-0.401139	0.224681
2.84375	-0.705312	-0.401139	0.224681
2.86875	-0.700558	-0.400719	0.229605
2.89375	-0.681529	-0.390573	0.231759
2.91875	-0.681529	-0.390573	0.231759
2.94375	-0.667089	-0.384596	0.238783
2.96875	-0.658609	-0.386177	0.241566
2.99375	-0.66776	-0.401107	0.250901
3.01875	-0.66776	-0.401107	0.250901
3.04375	-0.684025	-0.420016	0.254727
3.06875	-0.709165	-0.44692	0.256271
3.09375	-0.743318	-0.481807	0.249267
3.11875	-0.743318	-0.481807	0.249267
3.14375	-0.781745	-0.518116	0.219513
3.16875	-0.781745	-0.518116	0.219513
3.19375	-0.82542	-0.54969	0.170911
3.21875	-0.873275	-0.56929	0.124217
3.24375	-0.881387	-0.586835	0.127172
3.26875	-0.886292	-0.609177	0.13383
3.29375	-0.883171	-0.617857	0.152529
3.31875	-0.883171	-0.617857	0.152529
3.34375	-0.881669	-0.611909	0.172244
3.36875	-0.880046	-0.603368	0.184018
3.39375	-0.880046	-0.603368	0.184018
3.41875	-0.87689	-0.595979	0.189008
3.44375	-0.87689	-0.595979	0.189008
3.46875	-0.8777	-0.59321	0.194906
3.49375	-0.881033	-0.593184	0.205
3.51875	-0.881033	-0.593184	0.205
3.54375	-0.882048	-0.596789	0.214148
3.56875	-0.880355	-0.60042	0.229594
3.59375	-0.877248	-0.603016	0.232469
3.61875	-0.871629	-0.605329	0.230777
3.64375	-0.871629	-0.605329	0.230777
3.66875	-0.871629	-0.605329	0.230777
3.69375	-0.82466	-0.600566	0.229541
3.71875	-0.82466	-0.600566	0.229541
3.74375	-0.8085	-0.597785	0.230144
3.76875	-0.8085	-0.597785	0.230144
3.79375	-0.801377	-0.586998	0.238518
3.81875	-0.797585	-0.579784	0.243633
3.84375	-0.797761	-0.577924	0.248699
3.86875	-0.800942	-0.583829	0.254079
3.89375	-0.808384	-0.596752	0.259922
3.91875	-0.808384	-0.596752	0.259922
3.94375	-0.819232	-0.618275	0.266803
3.96875	-0.819232	-0.618275	0.266803
3.99375	-0.832859	-0.64926	0.275601
4.01875	-0.850042	-0.691206	0.281748
4.04375	-0.868369	-0.737414	0.272062
4.06875	-0.886386	-0.783309	0.24372
4.09375	-0.928311	-0.803256	0.233511
4.11875	-0.982804	-0.815893	0.213473
4.14375	-1.03255	-0.838599	0.176918
4.16875	-1.04208	-0.851557	0.185002
4.19375	-1.04507	-0.852808	0.19672
4.21875	-1.046	-0.851552	0.202947
4.24375	-1.046	-0.851552	0.202947
4.26875	-1.04372	-0.84822	0.218851
4.29375	-1.04132	-0.850781	0.226506
4.31875	-1.04132	-0.850781	0.226506
4.34375	-1.03042	-0.849568	0.227584
4.36875	-1.01211	-0.840654	0.225472
4.39375	-1.01211	-0.840654	0.225472
4.41875	-0.985532	-0.83629	0.234622
4.44375	-0.974029	-0.839208	0.237816
4.46875	-0.974029	-0.839208	0.237816
4.49375	-0.971446	-0.844159	0.256738
4.51875	-0.976221	-0.856674	0.262098
4.54375	-0.976221	-0.856674	0.262098
4.56875	-0.986097	-0.877423	0.266926
4.59375	-1.00249	-0.904661	0.272793
4.61875	-1.00249	-0.904661	0.272793
4.64375	-1.02752	-0.941392	0.270363
4.66875	-1.05899	-0.977044	0.25708
4.69375	-1.09852	-1.00043	0.232967
4.71875	-1.09852	-1.00043	0.232967
4.74375	-1.14672	-1.01258	0.200114
4.76875	-1.14672	-1.01258	0.200114
4.79375	-1.19997	-1.02475	0.154716
4.81875	-1.24012	-1.04398	0.123114
4.84375	-1.2585	-1.08714	0.155518
4.86875	-1.2585	-1.08714	0.155518
4.89375	-1.262	-1.088	0.18102
4.91875	-1.26547	-1.08803	0.191363
4.94375	-1.26647	-1.08639	0.194643
4.96875	-1.26647	-1.08639	0.194643
4.99375	-1.26792	-1.08409	0.199148
5.01875	-1.26792	-1.08409	0.199148
5.04375	-1.2689	-1.08194	0.204925
5.06875	-1.26788	-1.08089	0.21504
5.09375	-1.26588	-1.08171	0.228401
5.11875	-1.26235	-1.08194	0.230263
5.14375	-1.25457	-1.08005	0.227887
5.16875	-1.24274	-1.07735	0.226048
5.19375	-1.22481	-1.07253	0.231643
5.21875	-1.21084	-1.07043	0.235618
5.24375	-1.20773	-1.06563	0.247248
5.26875	-1.20773	-1.06563	0.247248
5.29375	-1.2173	-1.074	0.262821
5.31875	-1.2307	-1.09118	0.268685
5.34375	-1.25162	-1.11898	0.274105
5.36875	-1.28234	-1.15701	0.273264
5.39375	-1.31892	-1.1998	0.256165
5.41875	-1.35955	-1.22887	0.230618
5.44375	-1.35955	-1.22887	0.230618
5.46875	-1.35955	-1.22887	0.230618
5.49375	-1.5139	-1.24267	0.122558
5.51875	-1.53038	-1.26853	0.128859
5.54375	-1.54489	-1.29855	0.13421
5.56875	-1.54451	-1.30877	0.152669
5.59375	-1.54451	-1.30877	0.152669
5.61875	-1.54248	-1.30218	0.172474
5.64375	-1.53891	-1.29249	0.184489
5.66875	-1.53362	-1.28323	0.188337
5.69375	-1.52888	-1.27915	0.191665
5.71875	-1.52805	-1.27745	0.198106
5.74375	-1.52878	-1.27608	0.204814
5.76875	-1.52737	-1.27248	0.205078
5.79375	-1.52454	-1.26968	0.210664
5.81875	-1.52157	-1.26834	0.222185
5.84375	-1.51812	-1.26745	0.229
5.86875	-1.51312	-1.26474	0.2282
5.89375	-1.49622	-1.25497	0.225638
5.91875	-1.48075	-1.24888	0.230167
5.94375	-1.46408	-1.24523	0.232084
5.96875	-1.46408	-1.24523	0.232084
5.99375	-1.45431	-1.24265	0.236393
