1.01875	1.86265e-08	3.72529e-08	0.24425
1.04375	1.86265e-08	3.72529e-08	0.24425
1.06875	-0.201244	0.0116788	0.171402
1.09375	-0.190383	0.0181232	0.180037
1.11875	-0.180911	0.0212596	0.184902
1.14375	-0.180869	0.0248072	0.192467
1.16875	-0.179436	0.0291743	0.20108
1.19375	-0.176917	0.0336236	0.206094
1.21875	-0.172815	0.0362021	0.210939
1.24375	-0.169373	0.0339664	0.22239
1.26875	-0.166312	0.0309682	0.234466
1.29375	-0.166312	0.0309682	0.234466
1.31875	-0.150389	0.0264964	0.234308
1.34375	-0.138368	0.0232545	0.23274
1.36875	-0.10923	0.0113703	0.231714
1.39375	-0.1009	0.000306167	0.227568
1.41875	-0.0995902	-0.00300033	0.235023
1.44375	-0.0995902	-0.00300033	0.235023
1.46875	-0.112595	-0.00226271	0.259189
1.49375	-0.112595	-0.00226271	0.259189
1.51875	-0.156925	-0.0279302	0.276881
1.54375	-0.193654	-0.0530429	0.278522
1.56875	-0.193654	-0.0530429	0.278522
1.59375	-0.235349	-0.081764	0.261323
1.61875	-0.330508	-0.120517	0.16897
1.64375	-0.380252	-0.119971	0.125239
1.66875	-0.397563	-0.133013	0.126966
1.69375	-0.397563	-0.133013	0.126966
1.71875	-0.409326	-0.151292	0.134949
1.74375	-0.409326	-0.151292	0.134949
1.76875	-0.423595	-0.168482	0.137139
1.79375	-0.423595	-0.168482	0.137139
1.81875	-0.423787	-0.181842	0.15078
1.84375	-0.419748	-0.175228	0.171879
1.86875	-0.406239	-0.158582	0.193553
1.89375	-0.406239	-0.158582	0.193553
1.91875	-0.403088	-0.157075	0.195179
1.94375	-0.402668	-0.155273	0.199288
1.96875	-0.403299	-0.151694	0.203741
1.99375	-0.40438	-0.152053	0.206186
2.01875	-0.40438	-0.152053	0.206186
2.04375	-0.404055	-0.151596	0.213723
2.06875	-0.404055	-0.151596	0.213723
2.09375	-0.397589	-0.148047	0.226151
2.11875	-0.391922	-0.144071	0.225962
2.14375	-0.38561	-0.137688	0.226463
2.16875	-0.384677	-0.12957	0.231591
2.19375	-0.398315	-0.122382	0.241292
2.21875	-0.398315	-0.122382	0.241292
2.24375	-0.458865	-0.138318	0.256055
2.26875	-0.458865	-0.138318	0.256055
2.29375	-0.539425	-0.180017	0.22029
2.31875	-0.568398	-0.210377	0.193865
2.34375	-0.58224	-0.221665	0.179544
2.36875	-0.588959	-0.225347	0.154639
2.39375	-0.5927	-0.222527	0.145126
2.41875	-0.596048	-0.220847	0.142585
2.44375	-0.598951	-0.220142	0.140457
2.46875	-0.60112	-0.220514	0.139744
2.49375	-0.600662	-0.221862	0.141793
2.51875	-0.589453	-0.225363	0.150609
2.54375	-0.589453	-0.225363	0.150609
2.56875	-0.580865	-0.219045	0.161899
2.59375	-0.573041	-0.207924	0.174962
2.61875	-0.564049	-0.198383	0.181391
2.64375	-0.561559	-0.195628	0.190119
2.66875	-0.561559	-0.195628	0.190119
2.69375	-0.562061	-0.19257	0.197943
2.71875	-0.562089	-0.190219	0.203279
2.74375	-0.560132	-0.186443	0.203238
2.76875	-0.556759	-0.184762	0.209673
2.79375	-0.552643	-0.184356	0.22098
2.81875	-0.552643	-0.184356	0.22098
2.84375	-0.540824	-0.180816	0.226624
2.86875	-0.528765	-0.171739	0.226524
2.89375	-0.528765	-0.171739	0.226524
2.91875	-0.518564	-0.170233	0.236008
2.94375	-0.518564	-0.170233	0.236008
2.96875	-0.539796	-0.200347	0.238506
2.99375	-0.539796	-0.200347	0.238506
3.01875	-0.567317	-0.224674	0.238335
3.04375	-0.604258	-0.25221	0.230678
3.06875	-0.630949	-0.261356	0.218304
3.09375	-0.647344	-0.262696	0.196448
3.11875	-0.650412	-0.258317	0.17973
3.14375	-0.650412	-0.258317	0.17973
3.16875	-0.65144	-0.257095	0.145393
3.19375	-0.65144	-0.257095	0.145393
3.21875	-0.65144	-0.257095	0.145393
3.24375	-0.655655	-0.256406	0.14303
3.26875	-0.656156	-0.26427	0.147824
3.29375	-0.656156	-0.26427	0.147824
3.31875	-0.656855	-0.271955	0.153775
3.34375	-0.660756	-0.268223	0.166694
3.36875	-0.6621	-0.261477	0.180268
3.39375	-0.661863	-0.255316	0.187739
3.41875	-0.661863	-0.255316	0.187739
3.44375	-0.663086	-0.253062	0.195851
3.46875	-0.664839	-0.251335	0.202176
3.49375	-0.665679	-0.251703	0.202098
3.51875	-0.665679	-0.251703	0.202098
3.54375	-0.663655	-0.251052	0.219813
3.56875	-0.663655	-0.251052	0.219813
3.59375	-0.658114	-0.252321	0.226451
3.61875	-0.658114	-0.252321	0.226451
3.64375	-0.633599	-0.240554	0.229044
3.66875	-0.626404	-0.238763	0.230436
3.69375	-0.631661	-0.235564	0.236651
3.71875	-0.646596	-0.237556	0.242977
3.74375	-0.670896	-0.248713	0.247683
3.76875	-0.70659	-0.26863	0.248414
3.79375	-0.70659	-0.26863	0.248414
3.81875	-0.750636	-0.295063	0.236266
3.84375	-0.750636	-0.295063	0.236266
3.86875	-0.79679	-0.314179	0.203963
3.89375	-0.831101	-0.33938	0.176878
3.91875	-0.831101	-0.33938	0.176878
3.94375	-0.831101	-0.33938	0.176878
3.96875	-0.831101	-0.33938	0.176878
3.99375	-0.831101	-0.33938	0.176878
4.01875	-0.851074	-0.347577	0.139409
4.04375	-0.851074	-0.347577	0.139409
4.06875	-0.832581	-0.343145	0.166098
4.09375	-0.822889	-0.330513	0.178691
4.11875	-0.811839	-0.319911	0.183665
4.14375	-0.81204	-0.318581	0.191629
4.16875	-0.814309	-0.318675	0.195273
4.19375	-0.814886	-0.316336	0.199759
4.21875	-0.814187	-0.311453	0.203123
4.24375	-0.814187	-0.311453	0.203123
4.26875	-0.810093	-0.302857	0.210938
4.29375	-0.808125	-0.302063	0.214311
4.31875	-0.804979	-0.301517	0.221052
4.34375	-0.796291	-0.295787	0.224816
4.36875	-0.796291	-0.295787	0.224816
4.39375	-0.78753	-0.290101	0.225134
4.41875	-0.778389	-0.28469	0.22597
4.44375	-0.77793	-0.27931	0.23046
4.46875	-0.79294	-0.273788	0.241177
4.49375	-0.817874	-0.278103	0.249901
4.51875	-0.853743	-0.293117	0.254828
4.54375	-0.853743	-0.293117	0.254828
4.56875	-0.933526	-0.342496	0.220651
4.59375	-0.959062	-0.373374	0.198756
4.61875	-0.969575	-0.383529	0.190835
4.64375	-0.969575	-0.383529	0.190835
4.66875	-0.987536	-0.399731	0.143922
4.69375	-0.994147	-0.399737	0.141966
4.71875	-0.994147	-0.399737	0.141966
4.74375	-0.996282	-0.399034	0.14033
4.76875	-0.996748	-0.398586	0.13988
4.79375	-0.994338	-0.39929	0.142647
4.81875	-0.981921	-0.401592	0.151585
4.84375	-0.981921	-0.401592	0.151585
4.86875	-0.97383	-0.394381	0.161499
4.89375	-0.965148	-0.378957	0.172717
4.91875	-0.961211	-0.370262	0.185066
4.94375	-0.961211	-0.370262	0.185066
4.96875	-0.961211	-0.370262	0.185066
4.99375	-0.962212	-0.363422	0.199121
5.01875	-0.961281	-0.35347	0.211996
5.04375	-0.959524	-0.356532	0.208706
5.06875	-0.954488	-0.357501	0.213016
5.09375	-0.949262	-0.359935	0.222222
5.11875	-0.945066	-0.363516	0.225178
5.14375	-0.938408	-0.363111	0.225686
5.16875	-0.92755	-0.358265	0.230973
5.19375	-0.92755	-0.358265	0.230973
5.21875	-0.923687	-0.355715	0.236341
5.24375	-0.935152	-0.354002	0.245949
5.26875	-0.958639	-0.363522	0.254153
5.29375	-0.993281	-0.383155	0.25704
5.31875	-1.0329	-0.406343	0.242054
5.34375	-1.07448	-0.425225	0.206324
5.36875	-1.103	-0.449002	0.181772
5.39375	-1.11225	-0.459248	0.164087
5.41875	-1.11223	-0.454482	0.145564
5.44375	-1.11052	-0.449523	0.142918
5.46875	-1.10851	-0.446381	0.141571
5.49375	-1.10802	-0.444747	0.140803
5.51875	-1.10871	-0.446119	0.141761
5.54375	-1.10946	-0.451004	0.146164
5.56875	-1.10946	-0.451004	0.146164
5.59375	-1.10946	-0.451004	0.146164
5.61875	-1.09842	-0.445678	0.170442
5.64375	-1.09454	-0.436956	0.17957
5.66875	-1.09454	-0.436956	0.17957
5.69375	-1.08737	-0.428432	0.193002
5.71875	-1.08737	-0.428432	0.193002
5.74375	-1.08727	-0.423932	0.201215
5.76875	-1.08465	-0.418061	0.204046
5.79375	-1.08465	-0.418061	0.204046
5.81875	-1.07822	-0.417047	0.220857
5.84375	-1.07361	-0.417523	0.227822
5.86875	-1.06153	-0.413365	0.226329
5.89375	-1.06153	-0.413365	0.226329
5.91875	-1.05468	-0.408552	0.225816
5.94375	-1.05468	-0.408552	0.225816
5.96875	-1.05468	-0.408552	0.225816
5.99375	-1.04612	-0.40326	0.230046
