1.01875	1.86265e-08	3.72529e-08	0.24425
1.04375	1.86265e-08	3.72529e-08	0.24425
1.06875	-0.0200841	-0.0356297	0.202734
1.09375	-0.020794	-0.0363799	0.201185
1.11875	-0.0177797	-0.0366499	0.199108
1.14375	-0.0168692	-0.0366806	0.199481
1.16875	-0.0171052	-0.0362473	0.201711
1.19375	-0.0166906	-0.036137	0.203396
1.21875	-0.0158749	-0.0360067	0.204838
1.24375	-0.013623	-0.0342377	0.206277
1.26875	-0.013623	-0.0342377	0.206277
1.29375	-0.0103034	-0.0270464	0.216311
1.31875	-0.00756358	-0.0263392	0.219535
1.34375	-0.00337163	-0.0272613	0.220335
1.36875	-0.00861888	-0.0267927	0.225302
1.39375	-0.0218783	-0.0251851	0.231473
1.41875	-0.0218783	-0.0251851	0.231473
1.44375	-0.0406231	-0.0216201	0.217184
1.46875	-0.0461678	-0.0375815	0.206159
1.49375	-0.0472567	-0.042917	0.203418
1.51875	-0.0472567	-0.042917	0.203418
1.54375	-0.0460583	-0.0405862	0.201864
1.56875	-0.0444743	-0.0399149	0.204938
1.59375	-0.0436611	-0.0399571	0.207748
1.61875	-0.042051	-0.0386591	0.209012
1.64375	-0.0398175	-0.0382579	0.203915
1.66875	-0.037803	-0.0391207	0.195303
1.69375	-0.037803	-0.0391207	0.195303
1.71875	-0.034279	-0.0375586	0.196996
1.74375	-0.034279	-0.0375586	0.196996
1.76875	-0.0286913	-0.0382531	0.203253
1.79375	-0.0250824	-0.0397753	0.20428
1.81875	-0.0250824	-0.0397753	0.20428
1.84375	-0.0376863	-0.0402626	0.20286
1.86875	-0.0460206	-0.0398106	0.199419
1.89375	-0.0461283	-0.0397524	0.199626
1.91875	-0.0455402	-0.039377	0.200294
1.94375	-0.0458724	-0.0392397	0.20169
1.96875	-0.0451695	-0.0389446	0.202893
1.99375	-0.0419377	-0.0354899	0.206386
2.01875	-0.0385406	-0.0327632	0.208085
2.04375	-0.0385406	-0.0327632	0.208085
2.06875	-0.0341426	-0.0296108	0.217918
2.09375	-0.0351185	-0.0288534	0.222302
2.11875	-0.0447857	-0.0263942	0.229409
2.14375	-0.0447857	-0.0263942	0.229409
2.16875	-0.0597976	-0.0198387	0.227389
2.19375	-0.0592318	-0.0191074	0.216623
2.21875	-0.0585204	-0.0290914	0.210366
2.24375	-0.0596099	-0.039255	0.205296
2.26875	-0.0598855	-0.044489	0.202744
2.29375	-0.0598855	-0.044489	0.202744
2.31875	-0.060491	-0.0433726	0.202586
2.34375	-0.0607228	-0.0425559	0.203544
2.36875	-0.0611542	-0.0413262	0.208083
2.39375	-0.0606597	-0.0411968	0.205442
2.41875	-0.060224	-0.0422532	0.197095
2.44375	-0.060224	-0.0422532	0.197095
2.46875	-0.061449	-0.0434888	0.1895
2.49375	-0.0654989	-0.0400367	0.19884
2.51875	-0.0654989	-0.0400367	0.19884
2.54375	-0.0707608	-0.0442469	0.202092
2.56875	-0.0707608	-0.0442469	0.202092
2.59375	-0.0707608	-0.0442469	0.202092
2.61875	-0.0626908	-0.0465954	0.200503
2.64375	-0.0626908	-0.0465954	0.200503
2.66875	-0.0608487	-0.0467214	0.199601
2.69375	-0.0608487	-0.0467214	0.199601
2.71875	-0.0609506	-0.0461151	0.200576
2.74375	-0.0602337	-0.0443571	0.205009
2.76875	-0.0587534	-0.0434129	0.206683
2.79375	-0.0549355	-0.0414027	0.207478
2.81875	-0.049525	-0.0381342	0.210239
2.84375	-0.049525	-0.0381342	0.210239
2.86875	-0.0395852	-0.0358337	0.218413
2.89375	-0.0568551	-0.0327297	0.22892
2.91875	-0.0568551	-0.0327297	0.22892
2.94375	-0.0716016	-0.0274986	0.218108
2.96875	-0.072504	-0.0320639	0.212161
2.99375	-0.0725757	-0.0415223	0.206978
3.01875	-0.0725757	-0.0415223	0.206978
3.04375	-0.0731574	-0.0502627	0.202132
3.06875	-0.0724756	-0.0495271	0.201341
3.09375	-0.0717301	-0.0496815	0.203615
3.11875	-0.0717301	-0.0496815	0.203615
3.14375	-0.0698556	-0.0485033	0.210678
3.16875	-0.0698556	-0.0485033	0.210678
3.19375	-0.0660616	-0.0477954	0.198434
3.21875	-0.0660616	-0.0477954	0.198434
3.24375	-0.0637513	-0.0480591	0.195509
3.26875	-0.062682	-0.0464263	0.199954
3.29375	-0.0608766	-0.0462718	0.202358
3.31875	-0.0587158	-0.0477639	0.200923
3.34375	-0.0587158	-0.0477639	0.200923
3.36875	-0.0658576	-0.0488681	0.200273
3.39375	-0.0658576	-0.0488681	0.200273
3.41875	-0.0658576	-0.0488681	0.200273
3.44375	-0.0706612	-0.0485699	0.199063
3.46875	-0.069634	-0.0486225	0.199441
3.49375	-0.069634	-0.0486225	0.199441
3.51875	-0.0651926	-0.0455593	0.204015
3.54375	-0.0594327	-0.0404875	0.206748
3.56875	-0.0594327	-0.0404875	0.206748
3.59375	-0.0535339	-0.036776	0.219633
3.61875	-0.0535339	-0.036776	0.219633
3.64375	-0.0590401	-0.035494	0.225731
3.66875	-0.0718381	-0.0322967	0.233008
3.69375	-0.0718381	-0.0322967	0.233008
3.71875	-0.083896	-0.0288784	0.2269
3.74375	-0.0905845	-0.026242	0.218237
3.76875	-0.0903436	-0.0348794	0.207881
3.79375	-0.0908073	-0.0460005	0.201896
3.81875	-0.0904385	-0.046028	0.202486
3.84375	-0.089642	-0.0459633	0.204588
3.86875	-0.0888523	-0.0450008	0.208031
3.89375	-0.0878298	-0.0421813	0.209819
3.91875	-0.0864608	-0.0434895	0.203896
3.94375	-0.0864608	-0.0434895	0.203896
3.96875	-0.0850969	-0.0463137	0.189917
3.99375	-0.0851561	-0.0432512	0.194663
4.01875	-0.0847945	-0.0426493	0.200621
4.04375	-0.0847945	-0.0426493	0.200621
4.06875	-0.0834342	-0.0455579	0.202513
4.09375	-0.0817108	-0.0459832	0.203976
4.11875	-0.079988	-0.0470949	0.203393
4.14375	-0.083718	-0.0467604	0.202156
4.16875	-0.0901796	-0.046487	0.199514
4.19375	-0.0897032	-0.0467173	0.199967
4.21875	-0.0883985	-0.0467383	0.200958
4.24375	-0.0873489	-0.0462451	0.203888
4.26875	-0.0873489	-0.0462451	0.203888
4.29375	-0.0836981	-0.0445713	0.207801
4.31875	-0.0780081	-0.0413787	0.208757
4.34375	-0.0780081	-0.0413787	0.208757
4.36875	-0.0703202	-0.0382777	0.218454
4.39375	-0.0842982	-0.0344945	0.232213
4.41875	-0.0966945	-0.0313953	0.229365
4.44375	-0.0966945	-0.0313953	0.229365
4.46875	-0.105956	-0.027609	0.223297
4.49375	-0.110877	-0.0311314	0.213472
4.51875	-0.110877	-0.0311314	0.213472
4.54375	-0.110367	-0.043947	0.207158
4.56875	-0.111241	-0.0519012	0.202608
4.59375	-0.113226	-0.0502128	0.203114
4.61875	-0.114203	-0.0498464	0.205954
4.64375	-0.114577	-0.0478731	0.208285
4.66875	-0.114577	-0.0478731	0.208285
4.69375	-0.114577	-0.0478731	0.208285
4.71875	-0.116437	-0.0467595	0.201349
4.74375	-0.12082	-0.0488087	0.190511
4.76875	-0.126297	-0.0472132	0.194508
4.79375	-0.131162	-0.0464741	0.201132
4.81875	-0.131162	-0.0464741	0.201132
4.84375	-0.128764	-0.0472718	0.205628
4.86875	-0.122052	-0.0497734	0.204174
4.89375	-0.122052	-0.0497734	0.204174
4.91875	-0.113758	-0.0520326	0.200531
4.94375	-0.113758	-0.0520326	0.200531
4.96875	-0.10996	-0.0529589	0.199168
4.99375	-0.10996	-0.0529589	0.199168
5.01875	-0.10994	-0.0521245	0.200347
5.04375	-0.108858	-0.0513028	0.202946
5.06875	-0.108858	-0.0513028	0.202946
5.09375	-0.102365	-0.0481013	0.203074
5.11875	-0.102365	-0.0481013	0.203074
5.14375	-0.0990547	-0.0449077	0.20968
5.16875	-0.0990547	-0.0449077	0.20968
5.19375	-0.104263	-0.0416862	0.217652
5.21875	-0.104263	-0.0416862	0.217652
5.24375	-0.110137	-0.0384713	0.215461
5.26875	-0.110137	-0.0384713	0.215461
5.29375	-0.11156	-0.0432929	0.2115
5.31875	-0.113882	-0.0526917	0.203717
5.34375	-0.113882	-0.0526917	0.203717
5.36875	-0.113882	-0.0526917	0.203717
5.39375	-0.115968	-0.0555385	0.201237
5.41875	-0.117046	-0.0528861	0.204578
5.44375	-0.117046	-0.0528861	0.204578
5.46875	-0.118021	-0.0501745	0.196364
5.49375	-0.120063	-0.0507066	0.190524
5.51875	-0.120063	-0.0507066	0.190524
5.54375	-0.128848	-0.0481189	0.197839
5.56875	-0.128848	-0.0481189	0.197839
5.59375	-0.130792	-0.0492442	0.201319
5.61875	-0.125025	-0.0513146	0.201608
5.64375	-0.116517	-0.0536922	0.199274
5.66875	-0.114688	-0.0544444	0.198723
5.69375	-0.114642	-0.0542856	0.199022
5.71875	-0.114312	-0.0535787	0.200595
5.74375	-0.114312	-0.0535787	0.200595
5.76875	-0.11422	-0.0521261	0.203318
5.79375	-0.113094	-0.0515923	0.204505
5.81875	-0.105664	-0.0487911	0.207884
5.84375	-0.0984	-0.048072	0.209125
5.86875	-0.095117	-0.0475738	0.215611
5.89375	-0.095117	-0.0475738	0.215611
5.91875	-0.100926	-0.04438	0.228301
5.94375	-0.102398	-0.0422901	0.226262
5.96875	-0.102398	-0.0422901	0.226262
5.99375	-0.110048	-0.0402685	0.214626
