1.01875	1.86265e-08	3.72529e-08	0.24425
1.04375	-0.284127	0.0666374	0.148852
1.06875	-0.275933	0.0578676	0.157815
1.09375	-0.268726	0.0604613	0.168399
1.11875	-0.261585	0.0659971	0.18163
1.14375	-0.253526	0.0702802	0.189446
1.16875	-0.247747	0.0818109	0.201593
1.19375	-0.247278	0.0846015	0.202949
1.21875	-0.247278	0.0846015	0.202949
1.24375	-0.245153	0.0791876	0.230321
1.26875	-0.245153	0.0791876	0.230321
1.29375	-0.236914	0.0730759	0.233701
1.31875	-0.228595	0.0695519	0.231259
1.34375	-0.21737	0.0649923	0.230444
1.36875	-0.204241	0.058245	0.230417
1.39375	-0.204241	0.058245	0.230417
1.41875	-0.19233	0.0483669	0.230183
1.44375	-0.183998	0.0353492	0.226806
1.46875	-0.184526	0.0186511	0.228081
1.49375	-0.187556	0.00838976	0.237751
1.51875	-0.192347	0.0041344	0.25103
1.54375	-0.192347	0.0041344	0.25103
1.56875	-0.201937	0.0021351	0.267048
1.59375	-0.222067	-0.00679791	0.27886
1.61875	-0.222067	-0.00679791	0.27886
1.64375	-0.250443	-0.0207151	0.279878
1.66875	-0.281769	-0.0330808	0.257975
1.69375	-0.281769	-0.0330808	0.257975
1.71875	-0.281769	-0.0330808	0.257975
1.74375	-0.363618	-0.0310281	0.186746
1.76875	-0.363618	-0.0310281	0.186746
1.79375	-0.411839	-0.0304801	0.138853
1.81875	-0.444313	-0.044814	0.133951
1.84375	-0.462816	-0.0773236	0.148528
1.86875	-0.462816	-0.0773236	0.148528
1.89375	-0.475781	-0.0876618	0.174831
1.91875	-0.475781	-0.0876618	0.174831
1.94375	-0.484207	-0.0902829	0.194597
1.96875	-0.492591	-0.0961125	0.199146
1.99375	-0.492591	-0.0961125	0.199146
2.01875	-0.5043	-0.102703	0.206267
2.04375	-0.5043	-0.102703	0.206267
2.06875	-0.515755	-0.108781	0.213763
2.09375	-0.527366	-0.116445	0.225366
2.11875	-0.527366	-0.116445	0.225366
2.14375	-0.527366	-0.116445	0.225366
2.16875	-0.536074	-0.122259	0.230576
2.19375	-0.536468	-0.119849	0.231205
2.21875	-0.536468	-0.119849	0.231205
2.24375	-0.531451	-0.112651	0.23576
2.26875	-0.532683	-0.11467	0.238748
2.29375	-0.561607	-0.148762	0.237899
2.31875	-0.590866	-0.182537	0.22737
2.34375	-0.630318	-0.221654	0.203125
2.36875	-0.671455	-0.25717	0.157918
2.39375	-0.694924	-0.281944	0.135058
2.41875	-0.694736	-0.282585	0.136482
2.44375	-0.695241	-0.28329	0.136792
2.46875	-0.696164	-0.284314	0.136727
2.49375	-0.696164	-0.284314	0.136727
2.51875	-0.696909	-0.285255	0.136882
2.54375	-0.696791	-0.285552	0.137298
2.56875	-0.696791	-0.285552	0.137298
2.59375	-0.66461	-0.271655	0.16327
2.61875	-0.66461	-0.271655	0.16327
2.64375	-0.660246	-0.247713	0.178258
2.66875	-0.659591	-0.243043	0.187753
2.69375	-0.662079	-0.244148	0.193992
2.71875	-0.662233	-0.238491	0.202659
2.74375	-0.661083	-0.235283	0.215331
2.76875	-0.660511	-0.235114	0.228716
2.79375	-0.660511	-0.235114	0.228716
2.81875	-0.657868	-0.233184	0.230852
2.84375	-0.657868	-0.233184	0.230852
2.86875	-0.651552	-0.229728	0.228487
2.89375	-0.64234	-0.226399	0.226935
2.91875	-0.629733	-0.222475	0.228011
2.94375	-0.629733	-0.222475	0.228011
2.96875	-0.616632	-0.220497	0.232402
2.99375	-0.609637	-0.224898	0.233068
3.01875	-0.609637	-0.224898	0.233068
3.04375	-0.610657	-0.236505	0.235712
3.06875	-0.622151	-0.247053	0.24253
3.09375	-0.622151	-0.247053	0.24253
3.11875	-0.642758	-0.262317	0.244016
3.14375	-0.642758	-0.262317	0.244016
3.16875	-0.674683	-0.28372	0.243394
3.19375	-0.716349	-0.314272	0.234923
3.21875	-0.716349	-0.314272	0.234923
3.24375	-0.716349	-0.314272	0.234923
3.26875	-0.759511	-0.342944	0.205886
3.29375	-0.807539	-0.36632	0.161575
3.31875	-0.807539	-0.36632	0.161575
3.34375	-0.855084	-0.37615	0.12565
3.36875	-0.858335	-0.387751	0.129611
3.39375	-0.858335	-0.387751	0.129611
3.41875	-0.845912	-0.390876	0.152287
3.44375	-0.845912	-0.390876	0.152287
3.46875	-0.843255	-0.383394	0.171738
3.49375	-0.841669	-0.378532	0.185595
3.51875	-0.840318	-0.375824	0.198862
3.54375	-0.837897	-0.37179	0.214982
3.56875	-0.835371	-0.369232	0.231003
3.59375	-0.830743	-0.365909	0.234096
3.61875	-0.82364	-0.359828	0.23299
3.64375	-0.82364	-0.359828	0.23299
3.66875	-0.813261	-0.352061	0.232484
3.69375	-0.801328	-0.344426	0.234089
3.71875	-0.791732	-0.339129	0.233448
3.74375	-0.789527	-0.34065	0.236446
3.76875	-0.794136	-0.348444	0.241277
3.79375	-0.805178	-0.36167	0.244992
3.81875	-0.823823	-0.381228	0.246732
3.84375	-0.852252	-0.40477	0.24662
3.86875	-0.893027	-0.426959	0.243383
3.89375	-0.893027	-0.426959	0.243383
3.91875	-0.939542	-0.452918	0.222662
3.94375	-0.939542	-0.452918	0.222662
3.96875	-0.986855	-0.471771	0.183012
3.99375	-1.03852	-0.477125	0.133477
4.01875	-1.03852	-0.477125	0.133477
4.04375	-1.05908	-0.49274	0.129807
4.06875	-1.06604	-0.50359	0.137763
4.09375	-1.06604	-0.50359	0.137763
4.11875	-1.05224	-0.509161	0.153038
4.14375	-1.04344	-0.505082	0.16754
4.16875	-1.04344	-0.505082	0.16754
4.19375	-1.03865	-0.492866	0.179575
4.21875	-1.03865	-0.492866	0.179575
4.24375	-1.03674	-0.486357	0.184746
4.26875	-1.03674	-0.486357	0.184746
4.29375	-1.03885	-0.48739	0.192652
4.31875	-1.03945	-0.49075	0.207458
4.34375	-1.03946	-0.493702	0.223825
4.36875	-1.03698	-0.494871	0.232099
4.39375	-1.03698	-0.494871	0.232099
4.41875	-1.03195	-0.493762	0.232261
4.44375	-1.02425	-0.490513	0.22987
4.46875	-1.01403	-0.486941	0.23253
4.49375	-1.01403	-0.486941	0.23253
4.51875	-1.00453	-0.485854	0.2355
4.54375	-1.00114	-0.492611	0.236803
4.56875	-1.00114	-0.492611	0.236803
4.59375	-1.00366	-0.507399	0.237653
4.61875	-1.00366	-0.507399	0.237653
4.64375	-1.01716	-0.522131	0.240169
4.66875	-1.03958	-0.541727	0.238893
4.69375	-1.03958	-0.541727	0.238893
4.71875	-1.07102	-0.568962	0.234531
4.74375	-1.07102	-0.568962	0.234531
4.76875	-1.11036	-0.605895	0.219566
4.79375	-1.11036	-0.605895	0.219566
4.81875	-1.15156	-0.647875	0.18521
4.84375	-1.15156	-0.647875	0.18521
4.86875	-1.20352	-0.67668	0.144358
4.89375	-1.20352	-0.67668	0.144358
4.91875	-1.22366	-0.692708	0.126235
4.94375	-1.21305	-0.690366	0.144477
4.96875	-1.21305	-0.690366	0.144477
4.99375	-1.21441	-0.680257	0.167825
5.01875	-1.21441	-0.680257	0.167825
5.04375	-1.21701	-0.674637	0.190977
5.06875	-1.21942	-0.670861	0.215638
5.09375	-1.21942	-0.670861	0.215638
5.11875	-1.22158	-0.662236	0.237422
5.14375	-1.22158	-0.662236	0.237422
5.16875	-1.21795	-0.655002	0.236412
5.19375	-1.2051	-0.634979	0.235933
5.21875	-1.20163	-0.626008	0.234904
5.24375	-1.20682	-0.622673	0.236832
5.26875	-1.22093	-0.62391	0.240777
5.29375	-1.24438	-0.629273	0.243912
5.31875	-1.24438	-0.629273	0.243912
5.34375	-1.27902	-0.639446	0.245064
5.36875	-1.32551	-0.654168	0.23779
5.39375	-1.37608	-0.670625	0.207241
5.41875	-1.41991	-0.697594	0.160429
5.44375	-1.44968	-0.707281	0.136208
5.46875	-1.45784	-0.707953	0.138372
5.49375	-1.45784	-0.707953	0.138372
5.51875	-1.45841	-0.707019	0.137286
5.54375	-1.45841	-0.707019	0.137286
5.56875	-1.45791	-0.706736	0.137237
5.59375	-1.45791	-0.706736	0.137237
5.61875	-1.45565	-0.708528	0.140684
5.64375	-1.44494	-0.716986	0.152214
5.66875	-1.44494	-0.716986	0.152214
5.69375	-1.43421	-0.714756	0.167044
5.71875	-1.43421	-0.714756	0.167044
5.74375	-1.42271	-0.703583	0.178495
5.76875	-1.41937	-0.699711	0.188225
5.79375	-1.42164	-0.70036	0.200706
5.81875	-1.42164	-0.70036	0.200706
5.84375	-1.42351	-0.699445	0.219651
5.86875	-1.42429	-0.697185	0.235499
5.89375	-1.42429	-0.697185	0.235499
5.91875	-1.42084	-0.69181	0.237493
5.94375	-1.41543	-0.686582	0.235071
5.96875	-1.40424	-0.680347	0.236293
5.99375	-1.40424	-0.680347	0.236293
