1.01875	1.86265e-08	3.72529e-08	0.24425
1.04375	1.86265e-08	3.72529e-08	0.24425
1.06875	-0.0331655	-0.0286209	0.191174
1.09375	-0.02676	-0.0271587	0.198177
1.11875	-0.0209627	-0.0296133	0.198274
1.14375	-0.0209627	-0.0296133	0.198274
1.16875	-0.0210799	-0.0301669	0.198504
1.19375	-0.0209407	-0.028558	0.204204
1.21875	-0.0209407	-0.028558	0.204204
1.24375	-0.0208903	-0.0279467	0.206135
1.26875	-0.0185805	-0.023202	0.206197
1.29375	-0.0154288	-0.0173054	0.209416
1.31875	-0.0154288	-0.0173054	0.209416
1.34375	-0.0136285	-0.0161384	0.219753
1.36875	-0.0110873	-0.0158241	0.226502
1.39375	-0.0155053	-0.0138103	0.23259
1.41875	-0.0261939	-0.011135	0.233822
1.44375	-0.0261939	-0.011135	0.233822
1.46875	-0.0261939	-0.011135	0.233822
1.49375	-0.0261939	-0.011135	0.233822
1.51875	-0.0373056	-0.0119563	0.214543
1.54375	-0.0370018	-0.0202567	0.207589
1.56875	-0.0373299	-0.0283983	0.203413
1.59375	-0.0378476	-0.0258872	0.207381
1.61875	-0.0378476	-0.0258872	0.207381
1.64375	-0.0381508	-0.0266701	0.201406
1.66875	-0.0391602	-0.0278773	0.183522
1.69375	-0.0409887	-0.0305287	0.167489
1.71875	-0.0438742	-0.0308424	0.164173
1.74375	-0.0563247	-0.0260537	0.173408
1.76875	-0.0563247	-0.0260537	0.173408
1.79375	-0.0573177	-0.0209006	0.188569
1.81875	-0.0573177	-0.0209006	0.188569
1.84375	-0.0453996	-0.0136583	0.200693
1.86875	-0.0393313	-0.014052	0.200073
1.89375	-0.0360242	-0.0154194	0.198738
1.91875	-0.0368053	-0.0149364	0.19892
1.94375	-0.0360182	-0.0140048	0.200162
1.96875	-0.0360182	-0.0140048	0.200162
1.99375	-0.0361995	-0.0114231	0.202392
2.01875	-0.0325303	-0.00845442	0.202327
2.04375	-0.0325303	-0.00845442	0.202327
2.06875	-0.0208929	-0.00132268	0.21723
2.09375	-0.0188432	-0.000938639	0.225346
2.11875	-0.0188432	-0.000938639	0.225346
2.14375	-0.0209165	0.00180631	0.2321
2.16875	-0.0306919	0.00607159	0.2367
2.19375	-0.0306919	0.00607159	0.2367
2.21875	-0.0394705	0.0105251	0.22822
2.24375	-0.0443394	0.00773514	0.216879
2.26875	-0.0443394	0.00773514	0.216879
2.29375	-0.046442	-0.0142491	0.20203
2.31875	-0.046442	-0.0142491	0.20203
2.34375	-0.0482675	-0.0116059	0.207913
2.36875	-0.0482675	-0.0116059	0.207913
2.39375	-0.0495222	-0.0112351	0.205945
2.41875	-0.0495222	-0.0112351	0.205945
2.44375	-0.0508976	-0.00965266	0.188618
2.46875	-0.0508976	-0.00965266	0.188618
2.49375	-0.0508976	-0.00965266	0.188618
2.51875	-0.0533217	-0.0129531	0.171657
2.54375	-0.0582723	-0.0118783	0.170211
2.56875	-0.0582723	-0.0118783	0.170211
2.59375	-0.0582664	-0.00348529	0.180645
2.61875	-0.0493115	0.00151245	0.190181
2.64375	-0.04394	0.00185605	0.195615
2.66875	-0.0450457	0.00262364	0.197357
2.69375	-0.0442039	0.0045302	0.199119
2.71875	-0.0442039	0.0045302	0.199119
2.74375	-0.0423711	0.00598083	0.201462
2.76875	-0.0399984	0.0103952	0.204397
2.79375	-0.0364979	0.0157518	0.206699
2.81875	-0.0364979	0.0157518	0.206699
2.84375	-0.032838	0.0172025	0.224502
2.86875	-0.032838	0.0172025	0.224502
2.89375	-0.0349095	0.0180137	0.231099
2.91875	-0.0349095	0.0180137	0.231099
2.94375	-0.0425901	0.0202481	0.232501
2.96875	-0.0425901	0.0202481	0.232501
2.99375	-0.0472229	0.0225552	0.222631
3.01875	-0.0497688	0.0195733	0.212386
3.04375	-0.0497688	0.0195733	0.212386
3.06875	-0.0496432	0.00758297	0.203113
3.09375	-0.0496269	0.00815305	0.204875
3.11875	-0.0495454	0.0095761	0.207593
3.14375	-0.0495454	0.0095761	0.207593
3.16875	-0.0494159	0.00850421	0.205759
3.19375	-0.04994	0.00671615	0.172705
3.21875	-0.04994	0.00671615	0.172705
3.24375	-0.0537604	0.00730781	0.169185
3.26875	-0.0563747	0.0133371	0.178922
3.29375	-0.0584233	0.0170466	0.186678
3.31875	-0.0571141	0.0171334	0.19279
3.34375	-0.0543329	0.0161363	0.195975
3.36875	-0.0543329	0.0161363	0.195975
3.39375	-0.0513	0.0146581	0.196817
3.41875	-0.0510851	0.0150719	0.197157
3.44375	-0.0505878	0.0152291	0.19858
3.46875	-0.0505878	0.0152291	0.19858
3.49375	-0.0500913	0.0159504	0.200344
3.51875	-0.0500643	0.0197394	0.203987
3.54375	-0.0489341	0.0240021	0.20326
3.56875	-0.0489341	0.0240021	0.20326
3.59375	-0.0470475	0.0271383	0.208593
3.61875	-0.0470475	0.0271383	0.208593
3.64375	-0.0469214	0.0287956	0.219458
3.66875	-0.0469214	0.0287956	0.219458
3.69375	-0.0479484	0.0321042	0.222665
3.71875	-0.0507168	0.0361362	0.221079
3.74375	-0.0538333	0.035411	0.215956
3.76875	-0.0541779	0.0262751	0.207565
3.79375	-0.0527238	0.0170978	0.202786
3.81875	-0.0513365	0.0177951	0.203131
3.84375	-0.0503466	0.0178642	0.206109
3.86875	-0.0503466	0.0178642	0.206109
3.89375	-0.0493878	0.0190022	0.20736
3.91875	-0.0480499	0.0204584	0.19943
3.94375	-0.0475794	0.0209232	0.180443
3.96875	-0.0476646	0.0170487	0.166296
3.99375	-0.0496125	0.0156157	0.168052
4.01875	-0.0496125	0.0156157	0.168052
4.04375	-0.051481	0.0216483	0.176381
4.06875	-0.051481	0.0216483	0.176381
4.09375	-0.0523065	0.0277879	0.186891
4.11875	-0.0517618	0.0299659	0.196089
4.14375	-0.0517618	0.0299659	0.196089
4.16875	-0.0504862	0.0313462	0.199042
4.19375	-0.0502006	0.0326823	0.200031
4.21875	-0.0502006	0.0326823	0.200031
4.24375	-0.0499162	0.0336657	0.201733
4.26875	-0.049922	0.0350491	0.203553
4.29375	-0.0464969	0.0394247	0.202981
4.31875	-0.0464969	0.0394247	0.202981
4.34375	-0.0426706	0.0445317	0.204975
4.36875	-0.0426706	0.0445317	0.204975
4.39375	-0.0396619	0.0462042	0.213853
4.41875	-0.0446956	0.0482528	0.228049
4.44375	-0.0480799	0.0511496	0.233564
4.46875	-0.0512701	0.0540753	0.222634
4.49375	-0.0512701	0.0540753	0.222634
4.51875	-0.0526014	0.0512248	0.212715
4.54375	-0.051971	0.0425014	0.206009
4.56875	-0.051971	0.0425014	0.206009
4.59375	-0.0521585	0.0376803	0.201625
4.61875	-0.0521585	0.0376803	0.201625
4.64375	-0.0523136	0.0393457	0.204303
4.66875	-0.0521163	0.040898	0.203147
4.69375	-0.0521163	0.040898	0.203147
4.71875	-0.0524007	0.0437461	0.186631
4.74375	-0.0532012	0.0415262	0.167088
4.76875	-0.0545816	0.0415201	0.164666
4.79375	-0.0545816	0.0415201	0.164666
4.81875	-0.0563278	0.0481322	0.172879
4.84375	-0.0567487	0.053316	0.183046
4.86875	-0.0519594	0.0556075	0.191437
4.89375	-0.0494961	0.0561476	0.195235
4.91875	-0.0492936	0.0576261	0.196978
4.94375	-0.0492936	0.0576261	0.196978
4.96875	-0.0479474	0.0617941	0.201411
4.99375	-0.0469933	0.0632802	0.203082
5.01875	-0.0447529	0.0655359	0.205292
5.04375	-0.0447529	0.0655359	0.205292
5.06875	-0.0396452	0.0694151	0.224031
5.09375	-0.0370237	0.0656933	0.225958
5.11875	-0.0370237	0.0656933	0.225958
5.14375	-0.0345051	0.0602542	0.231758
5.16875	-0.0480022	0.0610251	0.239677
5.19375	-0.0480022	0.0610251	0.239677
5.21875	-0.0758857	0.0629712	0.229238
5.24375	-0.0817853	0.0629966	0.221253
5.26875	-0.0863175	0.0628853	0.213745
5.29375	-0.0874579	0.0623308	0.208105
5.31875	-0.0883952	0.0594418	0.200749
5.34375	-0.0883952	0.0594418	0.200749
5.36875	-0.0880658	0.0600752	0.203933
5.39375	-0.0880658	0.0600752	0.203933
5.41875	-0.0880221	0.0630299	0.199118
5.44375	-0.0889637	0.0584823	0.185552
5.46875	-0.0907345	0.0550545	0.171481
5.49375	-0.0967866	0.0544105	0.165271
5.51875	-0.102117	0.0567095	0.17045
5.54375	-0.102117	0.0567095	0.17045
5.56875	-0.107375	0.0622688	0.179539
5.59375	-0.107375	0.0622688	0.179539
5.61875	-0.104276	0.0658471	0.192498
5.64375	-0.0974588	0.0673405	0.199388
5.66875	-0.0974588	0.0673405	0.199388
5.69375	-0.0909588	0.065534	0.197006
5.71875	-0.0909588	0.065534	0.197006
5.74375	-0.0896921	0.0652392	0.199634
5.76875	-0.0896921	0.0652392	0.199634
5.79375	-0.0881979	0.0694479	0.204299
5.81875	-0.0852225	0.0761686	0.20813
5.84375	-0.0852225	0.0761686	0.20813
5.86875	-0.0825034	0.0786064	0.21201
5.89375	-0.0822761	0.0793774	0.221221
5.91875	-0.0822761	0.0793774	0.221221
5.94375	-0.0845848	0.0829234	0.227456
5.96875	-0.0845848	0.0829234	0.227456
5.99375	-0.0871139	0.0864579	0.222186
