1.01875	1.86265e-08	3.72529e-08	0.24425
1.04375	1.86265e-08	3.72529e-08	0.24425
1.06875	-0.302013	0.100947	0.129218
1.09375	-0.302013	0.100947	0.129218
1.11875	-0.308573	0.0918752	0.149831
1.14375	-0.30391	0.0927574	0.175448
1.16875	-0.292275	0.0943899	0.191194
1.19375	-0.281703	0.0950603	0.192319
1.21875	-0.279908	0.0941834	0.200672
1.24375	-0.279089	0.0912905	0.222692
1.26875	-0.278304	0.0886054	0.240568
1.29375	-0.278304	0.0886054	0.240568
1.31875	-0.267682	0.0791148	0.235387
1.34375	-0.258223	0.0714022	0.231347
1.36875	-0.24865	0.0616528	0.227945
1.39375	-0.245344	0.0504325	0.225653
1.41875	-0.248506	0.0370663	0.223324
1.44375	-0.251269	0.0261047	0.229845
1.46875	-0.251269	0.0261047	0.229845
1.49375	-0.253851	0.0219404	0.241113
1.51875	-0.258691	0.0211523	0.255759
1.54375	-0.272011	0.0164915	0.269797
1.56875	-0.296853	0.0088575	0.279929
1.59375	-0.334572	-0.00190593	0.280701
1.61875	-0.334572	-0.00190593	0.280701
1.64375	-0.379335	-0.0164324	0.265307
1.66875	-0.425491	-0.0329102	0.230652
1.69375	-0.474657	-0.0309957	0.191583
1.71875	-0.474657	-0.0309957	0.191583
1.74375	-0.525544	-0.016723	0.144641
1.76875	-0.569513	-0.0105936	0.124731
1.79375	-0.62896	-0.0404178	0.139038
1.81875	-0.628227	-0.04566	0.155863
1.84375	-0.624657	-0.041855	0.161598
1.86875	-0.624657	-0.041855	0.161598
1.89375	-0.617007	-0.031047	0.173805
1.91875	-0.605927	-0.0194034	0.184877
1.94375	-0.605927	-0.0194034	0.184877
1.96875	-0.598457	-0.0112376	0.1927
1.99375	-0.598457	-0.0112376	0.1927
2.01875	-0.593481	-0.00692754	0.205594
2.04375	-0.590074	-0.00657427	0.225913
2.06875	-0.5864	-0.00637434	0.237762
2.09375	-0.578707	-0.00330146	0.236422
2.11875	-0.567929	0.00150863	0.2299
2.14375	-0.567929	0.00150863	0.2299
2.16875	-0.538031	-8.58679e-05	0.223226
2.19375	-0.530808	-0.00148628	0.225998
2.21875	-0.529456	-0.000556357	0.229195
2.24375	-0.529456	-0.000556357	0.229195
2.26875	-0.532488	-0.00379496	0.236878
2.29375	-0.541516	-0.0107493	0.252843
2.31875	-0.541516	-0.0107493	0.252843
2.34375	-0.552779	-0.0251786	0.265647
2.36875	-0.56864	-0.0485116	0.272379
2.39375	-0.59025	-0.0807595	0.274446
2.41875	-0.612954	-0.12261	0.263095
2.44375	-0.664995	-0.205397	0.188477
2.46875	-0.664995	-0.205397	0.188477
2.49375	-0.740882	-0.26139	0.123164
2.51875	-0.740882	-0.26139	0.123164
2.54375	-0.750823	-0.296111	0.125352
2.56875	-0.756448	-0.319365	0.136464
2.59375	-0.751464	-0.320436	0.151584
2.61875	-0.748656	-0.314166	0.158178
2.64375	-0.748656	-0.314166	0.158178
2.66875	-0.750478	-0.296712	0.173719
2.69375	-0.748746	-0.27825	0.183854
2.71875	-0.748746	-0.27825	0.183854
2.74375	-0.747583	-0.271154	0.196371
2.76875	-0.746356	-0.265594	0.21548
2.79375	-0.746356	-0.265594	0.21548
2.81875	-0.747106	-0.262004	0.236314
2.84375	-0.746113	-0.25615	0.238949
2.86875	-0.746113	-0.25615	0.238949
2.89375	-0.74134	-0.247835	0.236725
2.91875	-0.734373	-0.237622	0.233083
2.94375	-0.734373	-0.237622	0.233083
2.96875	-0.725213	-0.223941	0.232852
2.99375	-0.725213	-0.223941	0.232852
3.01875	-0.721182	-0.214904	0.236483
3.04375	-0.722772	-0.211744	0.243959
3.06875	-0.722772	-0.211744	0.243959
3.09375	-0.730061	-0.21255	0.251038
3.11875	-0.74637	-0.217217	0.25114
3.14375	-0.74637	-0.217217	0.25114
3.16875	-0.74637	-0.217217	0.25114
3.19375	-0.77243	-0.227806	0.254311
3.21875	-0.859137	-0.260987	0.258731
3.24375	-0.91249	-0.279622	0.238874
3.26875	-0.91249	-0.279622	0.238874
3.29375	-0.967385	-0.296856	0.196749
3.31875	-1.02078	-0.288936	0.160055
3.34375	-1.02078	-0.288936	0.160055
3.36875	-1.06673	-0.274639	0.129854
3.39375	-1.07503	-0.278346	0.141604
3.41875	-1.07503	-0.278346	0.141604
3.44375	-1.06719	-0.277804	0.169349
3.46875	-1.06719	-0.277804	0.169349
3.49375	-1.05485	-0.278144	0.193173
3.51875	-1.04545	-0.281541	0.218298
3.54375	-1.04545	-0.281541	0.218298
3.56875	-1.03009	-0.290237	0.243262
3.59375	-1.01615	-0.290676	0.232708
3.61875	-0.999847	-0.292601	0.226369
3.64375	-0.999847	-0.292601	0.226369
3.66875	-0.98137	-0.291285	0.223053
3.69375	-0.982319	-0.287958	0.224449
3.71875	-0.988998	-0.289041	0.229528
3.74375	-0.988998	-0.289041	0.229528
3.76875	-1.00113	-0.292182	0.240836
3.79375	-1.01723	-0.302455	0.253234
3.81875	-1.01723	-0.302455	0.253234
3.84375	-1.03759	-0.322075	0.26339
3.86875	-1.06547	-0.351362	0.266927
3.89375	-1.06547	-0.351362	0.266927
3.91875	-1.10221	-0.391099	0.260126
3.94375	-1.10221	-0.391099	0.260126
3.96875	-1.14257	-0.428982	0.237853
3.99375	-1.18767	-0.458795	0.200388
4.01875	-1.18767	-0.458795	0.200388
4.04375	-1.24333	-0.479479	0.153993
4.06875	-1.28596	-0.493167	0.123948
4.09375	-1.28274	-0.532167	0.149058
4.11875	-1.28274	-0.532167	0.149058
4.14375	-1.28274	-0.532167	0.149058
4.16875	-1.28632	-0.549866	0.163197
4.19375	-1.29906	-0.550792	0.198437
4.21875	-1.30173	-0.547586	0.202184
4.24375	-1.30173	-0.547586	0.202184
4.26875	-1.30931	-0.557909	0.20882
4.29375	-1.31368	-0.567406	0.223861
4.31875	-1.31368	-0.567406	0.223861
4.34375	-1.31662	-0.575861	0.23548
4.36875	-1.31597	-0.581889	0.235179
4.39375	-1.31123	-0.585315	0.233555
4.41875	-1.31123	-0.585315	0.233555
4.44375	-1.30289	-0.585843	0.233152
4.46875	-1.29198	-0.584223	0.232788
4.49375	-1.29198	-0.584223	0.232788
4.51875	-1.28343	-0.585062	0.232291
4.54375	-1.28343	-0.585062	0.232291
4.56875	-1.28036	-0.594451	0.236278
4.59375	-1.28036	-0.594451	0.236278
4.61875	-1.28364	-0.609567	0.241901
4.64375	-1.28364	-0.609567	0.241901
4.66875	-1.29516	-0.623743	0.245602
4.69375	-1.29516	-0.623743	0.245602
4.71875	-1.3143	-0.642142	0.250435
4.74375	-1.34219	-0.671453	0.25565
4.76875	-1.34219	-0.671453	0.25565
4.79375	-1.37595	-0.711712	0.252706
4.81875	-1.41028	-0.753697	0.229128
4.84375	-1.44518	-0.795794	0.186989
4.86875	-1.44518	-0.795794	0.186989
4.89375	-1.50562	-0.810369	0.153473
4.91875	-1.5275	-0.834503	0.129991
4.94375	-1.5275	-0.834503	0.129991
4.96875	-1.52817	-0.828939	0.151309
4.99375	-1.53065	-0.81925	0.185292
5.01875	-1.53296	-0.815203	0.212958
5.04375	-1.5337	-0.80987	0.237774
5.06875	-1.5337	-0.80987	0.237774
5.09375	-1.53219	-0.803461	0.243752
5.11875	-1.5284	-0.796581	0.23876
5.14375	-1.52172	-0.788903	0.23435
5.16875	-1.51182	-0.780987	0.230794
5.19375	-1.50264	-0.775887	0.229375
5.21875	-1.4932	-0.772346	0.230966
5.24375	-1.4932	-0.772346	0.230966
5.26875	-1.48893	-0.772789	0.23464
5.29375	-1.49223	-0.779737	0.243057
5.31875	-1.49223	-0.779737	0.243057
5.34375	-1.49968	-0.792079	0.251609
5.36875	-1.51207	-0.81009	0.256256
5.39375	-1.51207	-0.81009	0.256256
5.41875	-1.53343	-0.827007	0.258452
5.44375	-1.56354	-0.852857	0.263513
5.46875	-1.56354	-0.852857	0.263513
5.49375	-1.60184	-0.887161	0.260853
5.51875	-1.64307	-0.924863	0.24079
5.54375	-1.64307	-0.924863	0.24079
5.56875	-1.68995	-0.948923	0.213562
5.59375	-1.74599	-0.954328	0.181542
5.61875	-1.80146	-0.965281	0.142538
5.64375	-1.80146	-0.965281	0.142538
5.66875	-1.82889	-0.989689	0.140803
5.69375	-1.8317	-0.991955	0.171218
5.71875	-1.83374	-0.990505	0.190547
5.74375	-1.83646	-0.991875	0.200205
5.76875	-1.83803	-0.992732	0.211729
5.79375	-1.83719	-0.990915	0.228189
5.81875	-1.8333	-0.987242	0.233298
5.84375	-1.8333	-0.987242	0.233298
5.86875	-1.82855	-0.983939	0.232194
5.89375	-1.80971	-0.973657	0.228875
5.91875	-1.79577	-0.969486	0.228362
5.94375	-1.79577	-0.969486	0.228362
5.96875	-1.78355	-0.969604	0.228087
5.99375	-1.77567	-0.974707	0.22779
