1.01875	1.86265e-08	3.72529e-08	0.24425
1.04375	1.86265e-08	3.72529e-08	0.24425
1.06875	-0.25342	0.0581464	0.148457
1.09375	-0.240728	0.0524017	0.161621
1.11875	-0.240728	0.0524017	0.161621
1.14375	-0.22334	0.0578691	0.175268
1.16875	-0.215884	0.0640189	0.183225
1.19375	-0.209634	0.071037	0.191554
1.21875	-0.202779	0.0743455	0.203323
1.24375	-0.198943	0.0750673	0.223748
1.26875	-0.196404	0.0744086	0.236314
1.29375	-0.196404	0.0744086	0.236314
1.31875	-0.189911	0.0729759	0.237624
1.34375	-0.179728	0.071032	0.236542
1.36875	-0.179728	0.071032	0.236542
1.39375	-0.179728	0.071032	0.236542
1.41875	-0.166506	0.0691124	0.234429
1.44375	-0.166506	0.0691124	0.234429
1.46875	-0.141182	0.0704031	0.236074
1.49375	-0.141182	0.0704031	0.236074
1.51875	-0.140517	0.0756475	0.242746
1.54375	-0.146679	0.0843827	0.249915
1.56875	-0.160653	0.0975865	0.254211
1.59375	-0.160653	0.0975865	0.254211
1.61875	-0.184645	0.116297	0.25371
1.64375	-0.221165	0.141343	0.254703
1.66875	-0.269068	0.17242	0.249607
1.69375	-0.319052	0.204892	0.223722
1.71875	-0.373645	0.217503	0.188343
1.74375	-0.43041	0.22226	0.139278
1.76875	-0.456015	0.244285	0.133437
1.79375	-0.469986	0.244323	0.147996
1.81875	-0.469391	0.238867	0.162137
1.84375	-0.469391	0.238867	0.162137
1.86875	-0.446791	0.233064	0.182062
1.89375	-0.440481	0.229152	0.187332
1.91875	-0.440481	0.229152	0.187332
1.94375	-0.438024	0.230712	0.193788
1.96875	-0.433787	0.230432	0.196195
1.99375	-0.431505	0.230796	0.20919
2.01875	-0.431505	0.230796	0.20919
2.04375	-0.430224	0.230189	0.232022
2.06875	-0.427092	0.224867	0.231412
2.09375	-0.422969	0.216141	0.230916
2.11875	-0.417547	0.204637	0.229894
2.14375	-0.412699	0.191602	0.231338
2.16875	-0.412699	0.191602	0.231338
2.19375	-0.410459	0.179114	0.234662
2.21875	-0.410459	0.179114	0.234662
2.24375	-0.413803	0.172594	0.23556
2.26875	-0.425864	0.172824	0.240086
2.29375	-0.425864	0.172824	0.240086
2.31875	-0.443043	0.179382	0.24342
2.34375	-0.45954	0.195776	0.247152
2.36875	-0.45954	0.195776	0.247152
2.39375	-0.483431	0.220424	0.246591
2.41875	-0.516278	0.255446	0.242686
2.44375	-0.556273	0.294791	0.223125
2.46875	-0.556273	0.294791	0.223125
2.49375	-0.594391	0.33648	0.18485
2.51875	-0.594391	0.33648	0.18485
2.54375	-0.607999	0.395316	0.14442
2.56875	-0.629099	0.422432	0.127061
2.59375	-0.629099	0.422432	0.127061
2.61875	-0.629099	0.422432	0.127061
2.64375	-0.638686	0.408394	0.170504
2.66875	-0.638686	0.408394	0.170504
2.69375	-0.628987	0.408208	0.184214
2.71875	-0.623928	0.408887	0.189589
2.74375	-0.623928	0.408887	0.189589
2.76875	-0.62246	0.411361	0.198828
2.79375	-0.620407	0.415179	0.22917
2.81875	-0.619397	0.41469	0.233018
2.84375	-0.61646	0.41155	0.233096
2.86875	-0.61646	0.41155	0.233096
2.89375	-0.604801	0.394757	0.232222
2.91875	-0.598896	0.384079	0.233272
2.94375	-0.598896	0.384079	0.233272
2.96875	-0.594568	0.375466	0.23275
2.99375	-0.595218	0.373418	0.233226
3.01875	-0.595218	0.373418	0.233226
3.04375	-0.602246	0.37831	0.237022
3.06875	-0.602246	0.37831	0.237022
3.09375	-0.615924	0.3913	0.240672
3.11875	-0.615924	0.3913	0.240672
3.14375	-0.634693	0.414055	0.240165
3.16875	-0.634693	0.414055	0.240165
3.19375	-0.656588	0.448959	0.241619
3.21875	-0.689487	0.495055	0.238572
3.24375	-0.725038	0.544074	0.215498
3.26875	-0.725038	0.544074	0.215498
3.29375	-0.760459	0.593207	0.169852
3.31875	-0.780414	0.643698	0.132737
3.34375	-0.796052	0.653541	0.140369
3.36875	-0.797698	0.647385	0.162866
3.39375	-0.787862	0.640422	0.178394
3.41875	-0.787862	0.640422	0.178394
3.44375	-0.782961	0.638942	0.187061
3.46875	-0.782961	0.638942	0.187061
3.49375	-0.782148	0.644098	0.196095
3.51875	-0.780873	0.646089	0.206243
3.54375	-0.780873	0.646089	0.206243
3.56875	-0.77843	0.646975	0.221178
3.59375	-0.77408	0.64556	0.230723
3.61875	-0.77408	0.64556	0.230723
3.64375	-0.768199	0.642471	0.229529
3.66875	-0.76281	0.636606	0.227746
3.69375	-0.76281	0.636606	0.227746
3.71875	-0.757659	0.628454	0.227101
3.74375	-0.759805	0.626855	0.229005
3.76875	-0.774517	0.636308	0.23409
3.79375	-0.774517	0.636308	0.23409
3.81875	-0.828065	0.688174	0.22845
3.84375	-0.855222	0.723529	0.201111
3.86875	-0.882287	0.750659	0.16323
3.89375	-0.882287	0.750659	0.16323
3.91875	-0.885509	0.75895	0.142925
3.94375	-0.881623	0.760568	0.140924
3.96875	-0.881623	0.760568	0.140924
3.99375	-0.878913	0.760478	0.139595
4.01875	-0.877012	0.760009	0.138883
4.04375	-0.877012	0.760009	0.138883
4.06875	-0.87765	0.757611	0.142078
4.09375	-0.881553	0.752713	0.149121
4.11875	-0.88041	0.745878	0.157988
4.14375	-0.869323	0.745587	0.173269
4.16875	-0.869323	0.745587	0.173269
4.19375	-0.858952	0.747311	0.181613
4.21875	-0.853616	0.752484	0.188917
4.24375	-0.849915	0.75544	0.196918
4.26875	-0.844198	0.75738	0.226723
4.29375	-0.8412	0.757109	0.230934
4.31875	-0.834933	0.751993	0.229268
4.34375	-0.829338	0.743989	0.228809
4.36875	-0.824478	0.735082	0.228537
4.39375	-0.824478	0.735082	0.228537
4.41875	-0.818012	0.714537	0.23245
4.44375	-0.816821	0.704682	0.231487
4.46875	-0.820509	0.697361	0.231041
4.49375	-0.820509	0.697361	0.231041
4.51875	-0.848931	0.700829	0.239603
4.54375	-0.848931	0.700829	0.239603
4.56875	-0.866578	0.712096	0.248316
4.59375	-0.888204	0.730172	0.256909
4.61875	-0.888204	0.730172	0.256909
4.64375	-0.914832	0.757127	0.25913
4.66875	-0.914832	0.757127	0.25913
4.69375	-0.941527	0.789079	0.248914
4.71875	-0.941527	0.789079	0.248914
4.74375	-0.963841	0.823821	0.219485
4.76875	-0.987869	0.925513	0.129453
4.79375	-0.987869	0.925513	0.129453
4.81875	-1.00159	0.935392	0.127807
4.84375	-1.02316	0.934438	0.141863
4.86875	-1.04187	0.933033	0.157215
4.89375	-1.03998	0.93516	0.182249
4.91875	-1.03472	0.936959	0.190834
4.94375	-1.03472	0.936959	0.190834
4.96875	-1.03146	0.939648	0.193007
4.99375	-1.03069	0.944246	0.198693
5.01875	-1.02975	0.945469	0.20725
5.04375	-1.03137	0.944862	0.221726
5.06875	-1.03625	0.939679	0.231305
5.09375	-1.0356	0.931569	0.230027
5.11875	-1.03267	0.920469	0.228708
5.14375	-1.03267	0.920469	0.228708
5.16875	-1.02677	0.891003	0.231246
5.19375	-1.02787	0.87644	0.229661
5.21875	-1.02787	0.87644	0.229661
5.24375	-1.03706	0.867944	0.229635
5.26875	-1.04582	0.867813	0.24079
5.29375	-1.04582	0.867813	0.24079
5.31875	-1.05184	0.874511	0.25445
5.34375	-1.05184	0.874511	0.25445
5.36875	-1.06422	0.886761	0.264382
5.39375	-1.06422	0.886761	0.264382
5.41875	-1.08458	0.906118	0.27289
5.44375	-1.11961	0.932707	0.278567
5.46875	-1.16214	0.961372	0.269429
5.49375	-1.16214	0.961372	0.269429
5.51875	-1.20584	0.989552	0.239376
5.54375	-1.20584	0.989552	0.239376
5.56875	-1.24997	1.01765	0.187728
5.59375	-1.27696	1.06375	0.141761
5.61875	-1.27696	1.06375	0.141761
5.64375	-1.30573	1.09188	0.124505
5.66875	-1.31336	1.09729	0.138742
5.69375	-1.31213	1.09745	0.173394
5.71875	-1.31213	1.09745	0.173394
5.74375	-1.31195	1.09971	0.205387
5.76875	-1.31195	1.09971	0.205387
5.79375	-1.3127	1.10005	0.231255
5.81875	-1.31141	1.09814	0.241727
5.84375	-1.30919	1.09359	0.240644
5.86875	-1.30919	1.09359	0.240644
5.89375	-1.3056	1.08551	0.237351
5.91875	-1.30092	1.0749	0.233494
5.94375	-1.29851	1.06377	0.231398
5.96875	-1.29851	1.06377	0.231398
5.99375	-1.3007	1.05658	0.230259
