1.01875	1.86265e-08	3.72529e-08	0.24425
1.04375	1.86265e-08	3.72529e-08	0.24425
1.06875	1.86265e-08	3.72529e-08	0.24425
1.09375	-0.257146	-0.0253307	0.159434
1.11875	-0.257146	-0.0253307	0.159434
1.14375	-0.254364	-0.0233762	0.18256
1.16875	-0.248115	-0.0199406	0.192312
1.19375	-0.248115	-0.0199406	0.192312
1.21875	-0.248115	-0.0199406	0.192312
1.24375	-0.245877	-0.0132228	0.200439
1.26875	-0.241918	-0.0100437	0.210422
1.29375	-0.237978	-0.00953718	0.226698
1.31875	-0.231512	-0.00707073	0.232568
1.34375	-0.221596	-0.00284988	0.232287
1.36875	-0.209715	0.000364773	0.230078
1.39375	-0.209715	0.000364773	0.230078
1.41875	-0.195317	0.00246259	0.229285
1.44375	-0.195317	0.00246259	0.229285
1.46875	-0.1862	0.00281999	0.231803
1.49375	-0.1862	0.00281999	0.231803
1.51875	-0.188835	0.00842999	0.241319
1.54375	-0.197691	0.00877118	0.248961
1.56875	-0.197691	0.00877118	0.248961
1.59375	-0.213593	0.00184226	0.251692
1.61875	-0.213593	0.00184226	0.251692
1.64375	-0.23846	-0.0158005	0.253691
1.66875	-0.273436	-0.0454078	0.255088
1.69375	-0.273436	-0.0454078	0.255088
1.71875	-0.315736	-0.0844828	0.247036
1.74375	-0.358715	-0.12499	0.21737
1.76875	-0.401107	-0.165491	0.168338
1.79375	-0.401107	-0.165491	0.168338
1.81875	-0.44541	-0.188337	0.143113
1.84375	-0.453733	-0.191164	0.157717
1.86875	-0.456518	-0.184518	0.177906
1.89375	-0.456518	-0.184518	0.177906
1.91875	-0.458163	-0.17964	0.189767
1.94375	-0.460741	-0.176331	0.198117
1.96875	-0.461092	-0.170626	0.20293
1.99375	-0.459298	-0.166996	0.206981
2.01875	-0.459298	-0.166996	0.206981
2.04375	-0.458203	-0.166783	0.213014
2.06875	-0.455262	-0.164937	0.222538
2.09375	-0.455262	-0.164937	0.222538
2.11875	-0.448955	-0.161131	0.225486
2.14375	-0.448955	-0.161131	0.225486
2.16875	-0.438269	-0.153185	0.229404
2.19375	-0.438269	-0.153185	0.229404
2.21875	-0.438269	-0.153185	0.229404
2.24375	-0.447332	-0.146665	0.23948
2.26875	-0.470396	-0.154444	0.242842
2.29375	-0.505542	-0.172789	0.241413
2.31875	-0.549572	-0.198352	0.226122
2.34375	-0.549572	-0.198352	0.226122
2.36875	-0.587944	-0.230299	0.189841
2.39375	-0.619451	-0.257151	0.15445
2.41875	-0.619451	-0.257151	0.15445
2.44375	-0.631124	-0.263731	0.142879
2.46875	-0.633077	-0.261103	0.140279
2.49375	-0.632854	-0.260234	0.140237
2.51875	-0.62436	-0.261027	0.146922
2.54375	-0.62436	-0.261027	0.146922
2.56875	-0.614276	-0.261156	0.155827
2.59375	-0.609669	-0.248687	0.169394
2.61875	-0.601891	-0.238008	0.178642
2.64375	-0.601891	-0.238008	0.178642
2.66875	-0.596092	-0.231834	0.184501
2.69375	-0.596051	-0.228379	0.193698
2.71875	-0.595887	-0.223736	0.201343
2.74375	-0.595887	-0.223736	0.201343
2.76875	-0.593558	-0.220318	0.20519
2.79375	-0.591941	-0.220772	0.211042
2.81875	-0.591941	-0.220772	0.211042
2.84375	-0.58769	-0.219854	0.221636
2.86875	-0.58769	-0.219854	0.221636
2.89375	-0.579517	-0.215577	0.226132
2.91875	-0.579517	-0.215577	0.226132
2.94375	-0.578914	-0.211233	0.232463
2.96875	-0.578914	-0.211233	0.232463
2.99375	-0.59395	-0.213825	0.240375
3.01875	-0.621586	-0.228643	0.244609
3.04375	-0.656191	-0.250009	0.235217
3.06875	-0.656191	-0.250009	0.235217
3.09375	-0.683729	-0.278489	0.207791
3.11875	-0.683729	-0.278489	0.207791
3.14375	-0.702984	-0.301206	0.187415
3.16875	-0.702984	-0.301206	0.187415
3.19375	-0.707309	-0.314978	0.163936
3.21875	-0.707309	-0.314978	0.163936
3.24375	-0.714373	-0.316068	0.139341
3.26875	-0.717011	-0.315766	0.139046
3.29375	-0.71488	-0.317868	0.143472
3.31875	-0.71488	-0.317868	0.143472
3.34375	-0.702678	-0.321162	0.153403
3.36875	-0.696354	-0.309401	0.169132
3.39375	-0.687019	-0.295154	0.179674
3.41875	-0.687019	-0.295154	0.179674
3.44375	-0.684004	-0.287668	0.189421
3.46875	-0.684004	-0.287668	0.189421
3.49375	-0.684004	-0.287668	0.189421
3.51875	-0.685492	-0.276429	0.212361
3.54375	-0.682099	-0.271305	0.223076
3.56875	-0.682099	-0.271305	0.223076
3.59375	-0.675832	-0.264771	0.225831
3.61875	-0.668579	-0.258523	0.225436
3.64375	-0.668579	-0.258523	0.225436
3.66875	-0.660196	-0.252213	0.225879
3.69375	-0.650243	-0.245501	0.230364
3.71875	-0.650243	-0.245501	0.230364
3.74375	-0.646847	-0.246107	0.231004
3.76875	-0.646847	-0.246107	0.231004
3.79375	-0.654549	-0.252012	0.232642
3.81875	-0.673805	-0.263061	0.234048
3.84375	-0.702236	-0.284802	0.228877
3.86875	-0.741847	-0.319986	0.216159
3.89375	-0.785718	-0.362214	0.185408
3.91875	-0.818008	-0.410322	0.143369
3.94375	-0.818008	-0.410322	0.143369
3.96875	-0.841559	-0.427041	0.137655
3.99375	-0.841559	-0.427041	0.137655
4.01875	-0.842381	-0.427312	0.138636
4.04375	-0.838391	-0.425412	0.141512
4.06875	-0.838391	-0.425412	0.141512
4.09375	-0.826157	-0.424333	0.153584
4.11875	-0.820032	-0.409695	0.171477
4.14375	-0.820032	-0.409695	0.171477
4.16875	-0.814073	-0.394899	0.183179
4.19375	-0.812075	-0.389135	0.191028
4.21875	-0.812075	-0.389135	0.191028
4.24375	-0.811078	-0.383874	0.194767
4.26875	-0.80933	-0.379999	0.200605
4.29375	-0.807491	-0.377441	0.211886
4.31875	-0.807491	-0.377441	0.211886
4.34375	-0.804679	-0.375498	0.224892
4.36875	-0.804679	-0.375498	0.224892
4.39375	-0.799867	-0.37249	0.226494
4.41875	-0.792791	-0.367849	0.225704
4.44375	-0.792791	-0.367849	0.225704
4.46875	-0.793623	-0.360386	0.233014
4.49375	-0.809857	-0.354318	0.244268
4.51875	-0.809857	-0.354318	0.244268
4.54375	-0.838289	-0.358186	0.252282
4.56875	-0.877042	-0.369637	0.252121
4.59375	-0.91788	-0.38268	0.229435
4.61875	-0.947583	-0.411031	0.192257
4.64375	-0.947583	-0.411031	0.192257
4.66875	-0.974685	-0.428853	0.155774
4.69375	-0.974685	-0.428853	0.155774
4.71875	-0.995977	-0.437575	0.140136
4.74375	-0.995977	-0.437575	0.140136
4.76875	-1.00676	-0.440666	0.140324
4.79375	-1.00536	-0.439737	0.140515
4.81875	-1.00536	-0.439737	0.140515
4.84375	-0.971656	-0.426552	0.17602
4.86875	-0.95889	-0.418234	0.181395
4.89375	-0.955242	-0.41526	0.188884
4.91875	-0.959122	-0.414562	0.193858
4.94375	-0.961394	-0.414558	0.197983
4.96875	-0.961394	-0.414558	0.197983
4.99375	-0.961031	-0.408813	0.203146
5.01875	-0.959633	-0.404118	0.205468
5.04375	-0.952999	-0.402639	0.224524
5.06875	-0.948115	-0.402421	0.227873
5.09375	-0.942189	-0.399396	0.226188
5.11875	-0.937077	-0.39597	0.225693
5.14375	-0.931487	-0.391146	0.225597
5.16875	-0.931487	-0.391146	0.225597
5.19375	-0.913068	-0.381932	0.235162
5.21875	-0.905213	-0.389077	0.238586
5.24375	-0.905213	-0.389077	0.238586
5.26875	-0.91344	-0.399422	0.241919
5.29375	-0.930555	-0.412579	0.246891
5.31875	-0.956286	-0.430009	0.249667
5.34375	-0.956286	-0.430009	0.249667
5.36875	-1.03529	-0.486485	0.229258
5.39375	-1.11392	-0.543102	0.140382
5.41875	-1.12984	-0.554195	0.137334
5.44375	-1.12984	-0.554195	0.137334
5.46875	-1.13573	-0.559944	0.138009
5.49375	-1.13668	-0.560453	0.137662
5.51875	-1.13616	-0.560269	0.138322
5.54375	-1.13616	-0.560269	0.138322
5.56875	-1.12371	-0.556078	0.147283
5.59375	-1.11632	-0.546287	0.165292
5.61875	-1.11632	-0.546287	0.165292
5.64375	-1.11426	-0.535007	0.175567
5.66875	-1.10891	-0.525801	0.180421
5.69375	-1.10919	-0.526135	0.195099
5.71875	-1.1102	-0.523035	0.201515
5.74375	-1.10972	-0.518601	0.203448
5.76875	-1.10972	-0.518601	0.203448
5.79375	-1.10901	-0.516111	0.207395
5.81875	-1.10901	-0.516111	0.207395
5.84375	-1.10841	-0.515473	0.216864
5.86875	-1.10841	-0.515473	0.216864
5.89375	-1.10506	-0.513298	0.22512
5.91875	-1.10047	-0.510566	0.225856
5.94375	-1.10047	-0.510566	0.225856
5.96875	-1.09536	-0.505247	0.231861
5.99375	-1.09536	-0.505247	0.231861
