1.01875	1.86265e-08	3.72529e-08	0.24425
1.04375	-0.201011	0.101576	0.157484
1.06875	-0.187045	0.101885	0.170294
1.09375	-0.170514	0.102765	0.183395
1.11875	-0.15682	0.101129	0.190635
1.14375	-0.15174	0.10441	0.194263
1.16875	-0.143862	0.108666	0.196786
1.19375	-0.143862	0.108666	0.196786
1.21875	-0.131428	0.111162	0.216885
1.24375	-0.130931	0.109003	0.228139
1.26875	-0.128902	0.104532	0.230999
1.29375	-0.124676	0.0991854	0.230472
1.31875	-0.118779	0.0936132	0.23064
1.34375	-0.112495	0.0875862	0.231999
1.36875	-0.107507	0.0816672	0.233239
1.39375	-0.107507	0.0816672	0.233239
1.41875	-0.103182	0.0752709	0.235711
1.44375	-0.09902	0.0689374	0.237243
1.46875	-0.09902	0.0689374	0.237243
1.49375	-0.119256	0.0735131	0.235133
1.51875	-0.119256	0.0735131	0.235133
1.54375	-0.138372	0.0899028	0.235023
1.56875	-0.166036	0.116161	0.231297
1.59375	-0.202914	0.151792	0.217302
1.61875	-0.239814	0.19019	0.183537
1.64375	-0.239814	0.19019	0.183537
1.66875	-0.274826	0.244841	0.134231
1.69375	-0.278476	0.241648	0.140568
1.71875	-0.280936	0.241344	0.142478
1.74375	-0.283358	0.241689	0.143263
1.76875	-0.283358	0.241689	0.143263
1.79375	-0.280454	0.228963	0.154788
1.81875	-0.269915	0.222449	0.161822
1.84375	-0.251462	0.220637	0.173372
1.86875	-0.241118	0.21786	0.183438
1.89375	-0.238063	0.219933	0.19266
1.91875	-0.238063	0.219933	0.19266
1.94375	-0.233487	0.224561	0.199887
1.96875	-0.22999	0.226753	0.203537
1.99375	-0.22999	0.226753	0.203537
2.01875	-0.225895	0.224234	0.224032
2.04375	-0.224626	0.21514	0.227021
2.06875	-0.224626	0.21514	0.227021
2.09375	-0.221701	0.201182	0.226243
2.11875	-0.222157	0.194574	0.22793
2.14375	-0.221907	0.186083	0.230848
2.16875	-0.224217	0.165423	0.239942
2.19375	-0.295952	0.282866	0.242473
2.21875	-0.294842	0.283466	0.241954
2.24375	-0.294209	0.282899	0.237315
2.26875	-0.294209	0.282899	0.237315
2.29375	-0.29308	0.281128	0.222626
2.31875	-0.287601	0.283424	0.179188
2.34375	-0.287601	0.283424	0.179188
2.36875	-0.288071	0.280805	0.160587
2.39375	-0.28659	0.281714	0.149966
2.41875	-0.285251	0.282818	0.149366
2.44375	-0.284309	0.283757	0.148414
2.46875	-0.283943	0.284613	0.147586
2.49375	-0.284135	0.284718	0.14767
2.51875	-0.284357	0.28507	0.147551
2.54375	-0.285439	0.285098	0.148285
2.56875	-0.288327	0.283018	0.152106
2.59375	-0.288327	0.283018	0.152106
2.61875	-0.288469	0.287902	0.166443
2.64375	-0.28619	0.288888	0.173476
2.66875	-0.284531	0.292033	0.186491
2.69375	-0.281173	0.296128	0.195547
2.71875	-0.278801	0.300198	0.200899
2.74375	-0.274142	0.302908	0.21827
2.76875	-0.274197	0.303133	0.225027
2.79375	-0.273348	0.300914	0.225759
2.81875	-0.272527	0.296497	0.225095
2.84375	-0.272527	0.296497	0.225095
2.86875	-0.267285	0.27558	0.229142
2.89375	-0.267285	0.27558	0.229142
2.91875	-0.267645	0.268255	0.232539
2.94375	-0.267308	0.257424	0.237146
2.96875	-0.271452	0.250616	0.237025
2.99375	-0.281573	0.253543	0.23842
3.01875	-0.284777	0.268823	0.248088
3.04375	-0.284777	0.268823	0.248088
3.06875	-0.341732	0.370649	0.242223
3.09375	-0.367555	0.415582	0.205543
3.11875	-0.39732	0.458706	0.149329
3.14375	-0.415437	0.489144	0.136573
3.16875	-0.415437	0.489144	0.136573
3.19375	-0.436148	0.506497	0.143849
3.21875	-0.436148	0.506497	0.143849
3.24375	-0.436277	0.506884	0.143778
3.26875	-0.436418	0.506849	0.144117
3.29375	-0.436531	0.501739	0.1489
3.31875	-0.436015	0.48971	0.156934
3.34375	-0.436015	0.48971	0.156934
3.36875	-0.423105	0.484297	0.166628
3.39375	-0.403993	0.475553	0.176686
3.41875	-0.403993	0.475553	0.176686
3.44375	-0.396351	0.476004	0.18449
3.46875	-0.38676	0.474248	0.188371
3.49375	-0.377179	0.470588	0.19613
3.51875	-0.377179	0.470588	0.19613
3.54375	-0.368271	0.466838	0.210716
3.56875	-0.368271	0.466838	0.210716
3.59375	-0.360504	0.463774	0.225008
3.61875	-0.351888	0.459331	0.227513
3.64375	-0.351888	0.459331	0.227513
3.66875	-0.343034	0.453605	0.226615
3.69375	-0.336393	0.448105	0.228394
3.71875	-0.336393	0.448105	0.228394
3.74375	-0.333678	0.44846	0.230393
3.76875	-0.341191	0.460404	0.228813
3.79375	-0.341191	0.460404	0.228813
3.81875	-0.35888	0.484373	0.222865
3.84375	-0.35888	0.484373	0.222865
3.86875	-0.382365	0.522223	0.207915
3.89375	-0.405887	0.559721	0.181055
3.91875	-0.416521	0.572073	0.166697
3.94375	-0.415485	0.569554	0.146048
3.96875	-0.407722	0.565014	0.145447
3.99375	-0.401887	0.55902	0.145647
4.01875	-0.396782	0.55401	0.146179
4.04375	-0.393811	0.551062	0.146585
4.06875	-0.394293	0.548447	0.149452
4.09375	-0.397225	0.547557	0.155424
4.11875	-0.391941	0.550258	0.166096
4.14375	-0.384323	0.547692	0.176991
4.16875	-0.378257	0.54714	0.186797
4.19375	-0.373094	0.549365	0.194265
4.21875	-0.370799	0.552226	0.200075
4.24375	-0.367	0.552861	0.209159
4.26875	-0.362529	0.552557	0.22122
4.29375	-0.357048	0.550379	0.223228
4.31875	-0.357048	0.550379	0.223228
4.34375	-0.348449	0.540976	0.223927
4.36875	-0.345239	0.531381	0.226336
4.39375	-0.343426	0.524923	0.228126
4.41875	-0.342295	0.517394	0.231421
4.44375	-0.340136	0.506149	0.239781
4.46875	-0.344195	0.499497	0.242828
4.49375	-0.358741	0.500113	0.24444
4.51875	-0.375357	0.511849	0.251265
4.54375	-0.395664	0.53182	0.255847
4.56875	-0.42213	0.560745	0.254674
4.59375	-0.439696	0.597646	0.238571
4.61875	-0.439696	0.597646	0.238571
4.64375	-0.472468	0.678736	0.141504
4.66875	-0.488319	0.703144	0.124881
4.69375	-0.497728	0.699365	0.136677
4.71875	-0.503858	0.697997	0.141989
4.74375	-0.507467	0.699293	0.142595
4.76875	-0.51	0.699707	0.143552
4.79375	-0.509864	0.69874	0.144534
4.81875	-0.506718	0.689783	0.15233
4.84375	-0.506718	0.689783	0.15233
4.86875	-0.49858	0.682778	0.16278
4.89375	-0.49858	0.682778	0.16278
4.91875	-0.483291	0.68323	0.176418
4.94375	-0.4676	0.680905	0.184637
4.96875	-0.463794	0.682127	0.188797
4.99375	-0.463794	0.682127	0.188797
5.01875	-0.452109	0.68682	0.214234
5.04375	-0.452109	0.68682	0.214234
5.06875	-0.451648	0.690782	0.227928
5.09375	-0.449329	0.692509	0.230825
5.11875	-0.446114	0.691686	0.232151
5.14375	-0.446114	0.691686	0.232151
5.16875	-0.438973	0.688199	0.232667
5.19375	-0.430703	0.684015	0.234245
5.21875	-0.430703	0.684015	0.234245
5.24375	-0.420914	0.679689	0.23843
5.26875	-0.414422	0.680535	0.238634
5.29375	-0.415053	0.690879	0.23562
5.31875	-0.424111	0.71213	0.230178
5.34375	-0.44267	0.747231	0.220669
5.36875	-0.44267	0.747231	0.220669
5.39375	-0.470954	0.797183	0.203397
5.41875	-0.529353	0.874603	0.145187
5.44375	-0.526749	0.874122	0.146671
5.46875	-0.526749	0.874122	0.146671
5.49375	-0.523122	0.871594	0.145367
5.51875	-0.520755	0.869004	0.144891
5.54375	-0.519953	0.866715	0.145644
5.56875	-0.519953	0.866715	0.145644
5.59375	-0.522692	0.8645	0.149842
5.61875	-0.528667	0.855969	0.157953
5.64375	-0.519324	0.847374	0.169541
5.66875	-0.506567	0.833644	0.176655
5.69375	-0.506567	0.833644	0.176655
5.71875	-0.499176	0.832874	0.186041
5.74375	-0.49153	0.831535	0.194266
5.76875	-0.480323	0.827242	0.215431
5.79375	-0.480323	0.827242	0.215431
5.81875	-0.476601	0.825001	0.226377
5.84375	-0.471047	0.820898	0.227168
5.86875	-0.467117	0.813829	0.225392
5.89375	-0.467117	0.813829	0.225392
5.91875	-0.466389	0.800334	0.227032
5.94375	-0.466389	0.800334	0.227032
5.96875	-0.46635	0.783354	0.234881
5.99375	-0.469888	0.774872	0.241294
