1.01875	1.86265e-08	3.72529e-08	0.24425
1.04375	1.86265e-08	3.72529e-08	0.24425
1.06875	1.86265e-08	3.72529e-08	0.24425
1.09375	1.86265e-08	3.72529e-08	0.24425
1.11875	1.86265e-08	3.72529e-08	0.24425
1.14375	1.86265e-08	3.72529e-08	0.24425
1.16875	-0.26527	-0.0485537	0.165756
1.19375	-0.268894	-0.0455031	0.172067
1.21875	-0.26734	-0.0408956	0.186995
1.24375	-0.269578	-0.0417432	0.198652
1.26875	-0.269578	-0.0417432	0.198652
1.29375	-0.269578	-0.0417432	0.198652
1.31875	-0.269578	-0.0417432	0.198652
1.34375	-0.269578	-0.0417432	0.198652
1.36875	-0.269578	-0.0417432	0.198652
1.39375	-0.289154	-0.039386	0.236828
1.41875	-0.289154	-0.039386	0.236828
1.44375	-0.282592	-0.0322677	0.237169
1.46875	-0.282592	-0.0322677	0.237169
1.49375	-0.282592	-0.0322677	0.237169
1.51875	-0.282592	-0.0322677	0.237169
1.54375	-0.282592	-0.0322677	0.237169
1.56875	-0.262576	-0.0462791	0.242553
1.59375	-0.262576	-0.0462791	0.242553
1.61875	-0.275077	-0.0612801	0.24917
1.64375	-0.294651	-0.0835262	0.25325
1.66875	-0.294651	-0.0835262	0.25325
1.69375	-0.294651	-0.0835262	0.25325
1.71875	-0.294651	-0.0835262	0.25325
1.74375	-0.294651	-0.0835262	0.25325
1.76875	-0.320846	-0.114926	0.254096
1.79375	-0.424506	-0.222751	0.161324
1.81875	-0.470884	-0.244882	0.123667
1.84375	-0.471813	-0.268738	0.128317
1.86875	-0.471813	-0.268738	0.128317
1.89375	-0.471813	-0.268738	0.128317
1.91875	-0.471813	-0.268738	0.128317
1.94375	-0.471813	-0.268738	0.128317
1.96875	-0.473272	-0.262456	0.189171
1.99375	-0.473272	-0.262456	0.189171
2.01875	-0.47118	-0.259924	0.198747
2.04375	-0.47118	-0.259924	0.198747
2.06875	-0.47118	-0.259924	0.198747
2.09375	-0.47118	-0.259924	0.198747
2.11875	-0.47118	-0.259924	0.198747
2.14375	-0.47118	-0.259924	0.198747
2.16875	-0.447248	-0.235155	0.233825
2.19375	-0.435647	-0.225836	0.230673
2.21875	-0.42217	-0.216066	0.23032
2.24375	-0.414454	-0.211505	0.234698
2.26875	-0.414454	-0.211505	0.234698
2.29375	-0.414454	-0.211505	0.234698
2.31875	-0.414454	-0.211505	0.234698
2.34375	-0.414454	-0.211505	0.234698
2.36875	-0.48871	-0.298254	0.289536
2.39375	-0.52836	-0.329719	0.281889
2.41875	-0.52836	-0.329719	0.281889
2.44375	-0.613418	-0.368302	0.248553
2.46875	-0.613418	-0.368302	0.248553
2.49375	-0.613418	-0.368302	0.248553
2.51875	-0.613418	-0.368302	0.248553
2.54375	-0.613418	-0.368302	0.248553
2.56875	-0.815393	-0.419882	0.138722
2.59375	-0.809958	-0.422769	0.150309
2.61875	-0.809958	-0.422769	0.150309
2.64375	-0.789795	-0.398183	0.164808
2.66875	-0.789795	-0.398183	0.164808
2.69375	-0.789795	-0.398183	0.164808
2.71875	-0.789795	-0.398183	0.164808
2.74375	-0.783048	-0.386209	0.177909
2.76875	-0.783048	-0.386209	0.177909
2.79375	-0.781105	-0.380607	0.193822
2.81875	-0.781105	-0.380607	0.193822
2.84375	-0.780275	-0.381283	0.19796
2.86875	-0.780275	-0.381283	0.19796
2.89375	-0.780275	-0.381283	0.19796
2.91875	-0.780275	-0.381283	0.19796
2.94375	-0.780275	-0.381283	0.19796
2.96875	-0.780172	-0.382784	0.216518
2.99375	-0.772469	-0.383537	0.233591
3.01875	-0.772469	-0.383537	0.233591
3.04375	-0.763589	-0.378612	0.233559
3.06875	-0.763589	-0.378612	0.233559
3.09375	-0.763589	-0.378612	0.233559
3.11875	-0.763589	-0.378612	0.233559
3.14375	-0.763589	-0.378612	0.233559
3.16875	-0.786084	-0.401167	0.254596
3.19375	-0.811338	-0.430941	0.251564
3.21875	-0.843158	-0.475324	0.243814
3.24375	-0.843158	-0.475324	0.243814
3.26875	-0.843158	-0.475324	0.243814
3.29375	-0.843158	-0.475324	0.243814
3.31875	-0.843158	-0.475324	0.243814
3.34375	-0.87836	-0.528054	0.22237
3.36875	-0.87836	-0.528054	0.22237
3.39375	-0.968163	-0.672098	0.13993
3.41875	-0.968163	-0.672098	0.13993
3.44375	-0.962739	-0.650892	0.149681
3.46875	-0.966223	-0.636121	0.16922
3.49375	-0.972328	-0.631701	0.193545
3.51875	-0.976345	-0.62683	0.218016
3.54375	-0.981841	-0.624754	0.239224
3.56875	-0.98425	-0.619285	0.241765
3.59375	-0.983341	-0.612779	0.237332
3.61875	-0.979274	-0.60415	0.234544
3.64375	-0.979274	-0.60415	0.234544
3.66875	-0.965343	-0.592755	0.231073
3.69375	-0.95901	-0.594584	0.229527
3.71875	-0.949482	-0.602217	0.234825
3.74375	-0.952389	-0.613575	0.241894
3.76875	-0.960412	-0.630634	0.2489
3.79375	-0.974012	-0.655005	0.254596
3.81875	-0.974012	-0.655005	0.254596
3.84375	-0.995908	-0.684352	0.260259
3.86875	-1.02916	-0.716076	0.262436
3.89375	-1.02916	-0.716076	0.262436
3.91875	-1.06846	-0.752858	0.247131
3.94375	-1.10859	-0.788487	0.210716
3.96875	-1.15829	-0.807133	0.16536
3.99375	-1.21632	-0.810074	0.11934
4.01875	-1.21632	-0.810074	0.11934
4.04375	-1.21632	-0.810074	0.11934
4.06875	-1.23411	-0.853123	0.130932
4.09375	-1.23411	-0.853123	0.130932
4.11875	-1.22718	-0.865237	0.145725
4.14375	-1.21906	-0.861596	0.1653
4.16875	-1.21451	-0.845529	0.192084
4.19375	-1.20962	-0.841156	0.193074
4.21875	-1.20919	-0.840347	0.195331
4.24375	-1.20919	-0.840347	0.195331
4.26875	-1.20846	-0.841308	0.229273
4.29375	-1.20727	-0.84142	0.236611
4.31875	-1.20727	-0.84142	0.236611
4.34375	-1.18635	-0.83346	0.229717
4.36875	-1.17344	-0.829351	0.229664
4.39375	-1.15849	-0.82674	0.228785
4.41875	-1.14628	-0.827657	0.227752
4.44375	-1.13855	-0.834433	0.227504
4.46875	-1.13855	-0.834433	0.227504
4.49375	-1.14139	-0.872446	0.232657
4.51875	-1.14139	-0.872446	0.232657
4.54375	-1.15092	-0.895182	0.242012
4.56875	-1.16554	-0.907957	0.256848
4.59375	-1.16554	-0.907957	0.256848
4.61875	-1.18828	-0.90851	0.276481
4.64375	-1.22059	-0.898688	0.287425
4.66875	-1.25885	-0.884937	0.283477
4.69375	-1.3407	-0.857967	0.211236
4.71875	-1.3407	-0.857967	0.211236
4.74375	-1.38454	-0.845991	0.141888
4.76875	-1.39584	-0.845112	0.127724
4.79375	-1.39925	-0.851308	0.127886
4.81875	-1.40124	-0.856248	0.127393
4.84375	-1.40153	-0.863698	0.132711
4.86875	-1.39507	-0.871187	0.143924
4.89375	-1.39507	-0.871187	0.143924
4.91875	-1.38554	-0.853357	0.177187
4.94375	-1.38398	-0.840066	0.188401
4.96875	-1.38308	-0.832474	0.197578
4.99375	-1.38095	-0.825161	0.207147
5.01875	-1.37932	-0.819855	0.226856
5.04375	-1.37932	-0.819855	0.226856
5.06875	-1.37385	-0.810671	0.236764
5.09375	-1.37385	-0.810671	0.236764
5.11875	-1.35398	-0.791564	0.232534
5.14375	-1.34261	-0.782264	0.230168
5.16875	-1.34261	-0.782264	0.230168
5.19375	-1.33598	-0.777367	0.228291
5.21875	-1.3366	-0.776714	0.229186
5.24375	-1.34235	-0.780853	0.23328
5.26875	-1.37303	-0.802235	0.244168
5.29375	-1.37303	-0.802235	0.244168
5.31875	-1.43857	-0.84012	0.250786
5.34375	-1.48061	-0.848898	0.245344
5.36875	-1.48061	-0.848898	0.245344
5.39375	-1.56369	-0.853095	0.161281
5.41875	-1.56659	-0.841541	0.127496
5.44375	-1.55949	-0.834533	0.127396
5.46875	-1.55008	-0.82618	0.126625
5.49375	-1.55008	-0.82618	0.126625
5.51875	-1.54647	-0.823701	0.126457
5.54375	-1.5429	-0.821315	0.126447
5.56875	-1.53928	-0.819189	0.126383
5.59375	-1.53496	-0.819727	0.130158
5.61875	-1.53496	-0.819727	0.130158
5.64375	-1.52342	-0.829215	0.148482
5.66875	-1.52342	-0.829215	0.148482
5.69375	-1.52934	-0.824536	0.167142
5.71875	-1.52934	-0.824536	0.167142
5.74375	-1.54029	-0.823612	0.184058
5.76875	-1.54791	-0.824498	0.196013
5.79375	-1.55369	-0.825682	0.210781
5.81875	-1.55369	-0.825682	0.210781
5.84375	-1.55924	-0.827307	0.229744
5.86875	-1.5637	-0.827696	0.236162
5.89375	-1.56611	-0.825134	0.234357
5.91875	-1.56537	-0.819907	0.230957
5.94375	-1.56085	-0.813937	0.228193
5.96875	-1.56085	-0.813937	0.228193
5.99375	-1.55167	-0.806231	0.229762
