1.01875	1.86265e-08	3.72529e-08	0.24425
1.04375	1.86265e-08	3.72529e-08	0.24425
1.06875	-0.28179	-0.146246	0.14354
1.09375	-0.280606	-0.153549	0.153528
1.11875	-0.273398	-0.14866	0.165682
1.14375	-0.261331	-0.131035	0.173987
1.16875	-0.255636	-0.120373	0.18061
1.19375	-0.25404	-0.121126	0.185533
1.21875	-0.24914	-0.121283	0.192214
1.24375	-0.24406	-0.122395	0.204098
1.26875	-0.24406	-0.122395	0.204098
1.29375	-0.232988	-0.125525	0.220034
1.31875	-0.225426	-0.125915	0.216297
1.34375	-0.217608	-0.120861	0.214198
1.36875	-0.200704	-0.110499	0.21481
1.39375	-0.197289	-0.115525	0.219481
1.41875	-0.199992	-0.129078	0.225419
1.44375	-0.205857	-0.146252	0.230148
1.46875	-0.205857	-0.146252	0.230148
1.49375	-0.206452	-0.18193	0.246116
1.51875	-0.214382	-0.194994	0.259983
1.54375	-0.260162	-0.18696	0.279514
1.56875	-0.294673	-0.174895	0.267193
1.59375	-0.333888	-0.159776	0.230317
1.61875	-0.333888	-0.159776	0.230317
1.64375	-0.368563	-0.148486	0.139651
1.66875	-0.365703	-0.144186	0.140472
1.69375	-0.365055	-0.143219	0.14064
1.71875	-0.365055	-0.143219	0.14064
1.74375	-0.365371	-0.143164	0.141264
1.76875	-0.36698	-0.143457	0.143251
1.79375	-0.366699	-0.14576	0.145127
1.81875	-0.363487	-0.144664	0.148442
1.84375	-0.363487	-0.144664	0.148442
1.86875	-0.359846	-0.14466	0.155036
1.89375	-0.359846	-0.14466	0.155036
1.91875	-0.364387	-0.143051	0.164252
1.94375	-0.371834	-0.148254	0.172121
1.96875	-0.371834	-0.148254	0.172121
1.99375	-0.367766	-0.148199	0.175369
2.01875	-0.35974	-0.149141	0.181112
2.04375	-0.35974	-0.149141	0.181112
2.06875	-0.346502	-0.152587	0.211694
2.09375	-0.33754	-0.151456	0.22192
2.11875	-0.33754	-0.151456	0.22192
2.14375	-0.32564	-0.150376	0.220467
2.16875	-0.312023	-0.152252	0.218652
2.19375	-0.304502	-0.162851	0.218157
2.21875	-0.304502	-0.162851	0.218157
2.24375	-0.307763	-0.209547	0.254554
2.26875	-0.31622	-0.213146	0.275138
2.29375	-0.331374	-0.204871	0.291263
2.31875	-0.354156	-0.187362	0.300859
2.34375	-0.354156	-0.187362	0.300859
2.36875	-0.382863	-0.165229	0.291799
2.39375	-0.382863	-0.165229	0.291799
2.41875	-0.420548	-0.137696	0.266215
2.44375	-0.460845	-0.110639	0.219227
2.46875	-0.503243	-0.0870206	0.151639
2.49375	-0.531282	-0.112831	0.13501
2.51875	-0.54677	-0.143059	0.143574
2.54375	-0.56085	-0.174102	0.146035
2.56875	-0.576734	-0.202231	0.145241
2.59375	-0.573908	-0.211765	0.158946
2.61875	-0.573908	-0.211765	0.158946
2.64375	-0.565132	-0.192507	0.168419
2.66875	-0.565132	-0.192507	0.168419
2.69375	-0.565132	-0.192507	0.168419
2.71875	-0.570741	-0.178262	0.211138
2.74375	-0.566908	-0.180703	0.213759
2.76875	-0.561646	-0.183715	0.223665
2.79375	-0.561646	-0.183715	0.223665
2.81875	-0.536893	-0.177189	0.216902
2.84375	-0.524656	-0.168776	0.214382
2.86875	-0.511323	-0.166181	0.214927
2.89375	-0.502598	-0.172177	0.215287
2.91875	-0.502598	-0.172177	0.215287
2.94375	-0.499275	-0.187927	0.218215
2.96875	-0.499459	-0.201932	0.221316
2.99375	-0.499459	-0.201932	0.221316
3.01875	-0.503651	-0.213561	0.233647
3.04375	-0.539738	-0.263733	0.275997
3.06875	-0.539738	-0.263733	0.275997
3.09375	-0.608386	-0.274879	0.290791
3.11875	-0.656169	-0.277823	0.273164
3.14375	-0.656169	-0.277823	0.273164
3.16875	-0.757378	-0.291671	0.172062
3.19375	-0.762157	-0.280766	0.133866
3.21875	-0.761809	-0.277693	0.132728
3.24375	-0.761618	-0.27795	0.132972
3.26875	-0.761618	-0.27795	0.132972
3.29375	-0.762905	-0.283177	0.137948
3.31875	-0.764213	-0.291573	0.14051
3.34375	-0.759074	-0.29633	0.148818
3.36875	-0.758501	-0.305473	0.161655
3.39375	-0.758501	-0.305473	0.161655
3.41875	-0.761476	-0.344966	0.178019
3.44375	-0.76344	-0.345189	0.188249
3.46875	-0.758971	-0.343101	0.19391
3.49375	-0.748718	-0.341119	0.203774
3.51875	-0.73906	-0.340407	0.222339
3.54375	-0.72931	-0.337985	0.229575
3.56875	-0.720723	-0.330151	0.219403
3.59375	-0.720723	-0.330151	0.219403
3.61875	-0.722483	-0.311741	0.212158
3.64375	-0.721476	-0.306699	0.212491
3.66875	-0.721476	-0.306699	0.212491
3.69375	-0.705432	-0.314628	0.218451
3.71875	-0.698447	-0.325472	0.220943
3.74375	-0.690272	-0.339817	0.224366
3.76875	-0.690272	-0.339817	0.224366
3.79375	-0.683756	-0.394175	0.256033
3.81875	-0.669365	-0.43401	0.261385
3.84375	-0.634137	-0.52604	0.211424
3.86875	-0.622307	-0.569524	0.16394
3.89375	-0.622307	-0.569524	0.16394
3.91875	-0.591846	-0.598804	0.139297
3.94375	-0.578723	-0.611064	0.138319
3.96875	-0.578723	-0.611064	0.138319
3.99375	-0.578723	-0.611064	0.138319
4.01875	-0.584528	-0.605684	0.141273
4.04375	-0.584089	-0.608748	0.144342
4.06875	-0.584089	-0.608748	0.144342
4.09375	-0.583703	-0.610027	0.144274
4.11875	-0.581773	-0.608048	0.147813
4.14375	-0.581773	-0.608048	0.147813
4.16875	-0.584301	-0.601075	0.155098
4.19375	-0.601986	-0.591778	0.162056
4.21875	-0.601986	-0.591778	0.162056
4.24375	-0.610786	-0.588135	0.162747
4.26875	-0.603605	-0.591812	0.170125
4.29375	-0.594881	-0.594222	0.179806
4.31875	-0.594881	-0.594222	0.179806
4.34375	-0.572549	-0.597087	0.217785
4.36875	-0.572549	-0.597087	0.217785
4.39375	-0.561853	-0.592475	0.214398
4.41875	-0.557117	-0.587142	0.215262
4.44375	-0.557117	-0.587142	0.215262
4.46875	-0.52976	-0.590198	0.221736
4.49375	-0.516593	-0.584543	0.226992
4.51875	-0.496686	-0.566397	0.247912
4.54375	-0.500621	-0.567941	0.263985
4.56875	-0.517751	-0.576382	0.276708
4.59375	-0.517751	-0.576382	0.276708
4.61875	-0.544563	-0.591123	0.276871
4.64375	-0.544563	-0.591123	0.276871
4.66875	-0.578827	-0.608337	0.252763
4.69375	-0.611256	-0.627086	0.20415
4.71875	-0.611256	-0.627086	0.20415
4.74375	-0.629379	-0.631449	0.149537
4.76875	-0.629379	-0.631449	0.149537
4.79375	-0.624516	-0.620655	0.142232
4.81875	-0.625641	-0.617128	0.142041
4.84375	-0.62957	-0.613834	0.140424
4.86875	-0.627916	-0.606622	0.149542
4.89375	-0.620069	-0.614384	0.167718
4.91875	-0.620069	-0.614384	0.167718
4.94375	-0.602876	-0.643801	0.182078
4.96875	-0.602876	-0.643801	0.182078
4.99375	-0.602201	-0.646874	0.190755
5.01875	-0.600877	-0.64782	0.193314
5.04375	-0.600877	-0.64782	0.193314
5.06875	-0.598237	-0.648823	0.199591
5.09375	-0.597905	-0.643912	0.218978
5.11875	-0.600435	-0.638684	0.216639
5.14375	-0.605593	-0.633565	0.214081
5.16875	-0.605593	-0.633565	0.214081
5.19375	-0.601888	-0.629397	0.221462
5.21875	-0.590998	-0.62995	0.227912
5.24375	-0.58359	-0.628127	0.238191
5.26875	-0.58359	-0.628127	0.238191
5.29375	-0.574902	-0.622854	0.245697
5.31875	-0.574902	-0.622854	0.245697
5.34375	-0.557083	-0.634431	0.262766
5.36875	-0.539789	-0.654875	0.271182
5.39375	-0.539789	-0.654875	0.271182
5.41875	-0.496357	-0.715997	0.23822
5.44375	-0.475552	-0.753712	0.191061
5.46875	-0.454902	-0.795556	0.130927
5.49375	-0.454902	-0.795556	0.130927
5.51875	-0.433575	-0.80179	0.138849
5.54375	-0.421477	-0.805638	0.141517
5.56875	-0.409976	-0.811853	0.14636
5.59375	-0.398697	-0.814946	0.145597
5.61875	-0.398697	-0.814946	0.145597
5.64375	-0.398697	-0.814946	0.145597
5.66875	-0.372744	-0.811757	0.158812
5.69375	-0.369065	-0.815316	0.165989
5.71875	-0.38339	-0.815887	0.173355
5.74375	-0.38339	-0.815887	0.173355
5.76875	-0.384479	-0.811571	0.176309
5.79375	-0.378258	-0.803407	0.187509
5.81875	-0.36844	-0.790422	0.227281
5.84375	-0.368607	-0.779338	0.226459
5.86875	-0.368035	-0.765412	0.217927
5.89375	-0.367894	-0.74922	0.213102
5.91875	-0.367894	-0.74922	0.213102
5.94375	-0.374282	-0.730974	0.214134
5.96875	-0.370194	-0.72678	0.217402
5.99375	-0.358594	-0.7223	0.225313
