1.01875	1.86265e-08	3.72529e-08	0.24425
1.04375	-0.340152	-0.0371954	0.15501
1.06875	-0.326598	-0.0252825	0.169034
1.09375	-0.326598	-0.0252825	0.169034
1.11875	-0.311269	-0.0142522	0.187853
1.14375	-0.311269	-0.0142522	0.187853
1.16875	-0.314861	-0.011311	0.197854
1.19375	-0.31066	-0.0198107	0.197927
1.21875	-0.311454	-0.0268509	0.213487
1.24375	-0.311454	-0.0268509	0.213487
1.26875	-0.308738	-0.0322287	0.233637
1.29375	-0.308738	-0.0322287	0.233637
1.31875	-0.300203	-0.035619	0.237416
1.34375	-0.289428	-0.0387453	0.228866
1.36875	-0.289428	-0.0387453	0.228866
1.39375	-0.27802	-0.0413846	0.225875
1.41875	-0.27802	-0.0413846	0.225875
1.44375	-0.271932	-0.0372088	0.233092
1.46875	-0.271932	-0.0372088	0.233092
1.49375	-0.271571	-0.0281268	0.243913
1.51875	-0.274689	-0.0250411	0.254814
1.54375	-0.282001	-0.0301396	0.265781
1.56875	-0.295172	-0.0450602	0.274907
1.59375	-0.315899	-0.0695661	0.280121
1.61875	-0.315899	-0.0695661	0.280121
1.64375	-0.343641	-0.107967	0.284486
1.66875	-0.373337	-0.150636	0.271494
1.69375	-0.402693	-0.193431	0.237728
1.71875	-0.402693	-0.193431	0.237728
1.74375	-0.438923	-0.228489	0.193154
1.76875	-0.438923	-0.228489	0.193154
1.79375	-0.492968	-0.24052	0.152438
1.81875	-0.492968	-0.24052	0.152438
1.84375	-0.534326	-0.260772	0.128294
1.86875	-0.534326	-0.260772	0.128294
1.89375	-0.551445	-0.29232	0.144759
1.91875	-0.552277	-0.292731	0.175598
1.94375	-0.552277	-0.292731	0.175598
1.96875	-0.552421	-0.293803	0.201438
1.99375	-0.552421	-0.293803	0.201438
2.01875	-0.552296	-0.294117	0.225781
2.04375	-0.552296	-0.294117	0.225781
2.06875	-0.553921	-0.296431	0.242377
2.09375	-0.553921	-0.296431	0.242377
2.11875	-0.551768	-0.296473	0.240831
2.14375	-0.551768	-0.296473	0.240831
2.16875	-0.54674	-0.295659	0.236122
2.19375	-0.539858	-0.293464	0.236088
2.21875	-0.539858	-0.293464	0.236088
2.24375	-0.540057	-0.296811	0.232333
2.26875	-0.540057	-0.296811	0.232333
2.29375	-0.551323	-0.303072	0.23621
2.31875	-0.57135	-0.313978	0.239128
2.34375	-0.602357	-0.328989	0.235604
2.36875	-0.602357	-0.328989	0.235604
2.39375	-0.645473	-0.353606	0.225557
2.41875	-0.69723	-0.387555	0.203322
2.44375	-0.748526	-0.421549	0.157824
2.46875	-0.795665	-0.43867	0.124554
2.49375	-0.795665	-0.43867	0.124554
2.51875	-0.80621	-0.446364	0.129742
2.54375	-0.795108	-0.449589	0.13982
2.56875	-0.795108	-0.449589	0.13982
2.59375	-0.776642	-0.424899	0.174182
2.61875	-0.776642	-0.424899	0.174182
2.64375	-0.774868	-0.419195	0.188317
2.66875	-0.773706	-0.416905	0.194139
2.69375	-0.774549	-0.415278	0.198658
2.71875	-0.771992	-0.408948	0.207595
2.74375	-0.769962	-0.40726	0.224952
2.76875	-0.766695	-0.405456	0.231122
2.79375	-0.7613	-0.403125	0.229149
2.81875	-0.753704	-0.399547	0.225638
2.84375	-0.74568	-0.39402	0.225094
2.86875	-0.735977	-0.390509	0.225279
2.89375	-0.735977	-0.390509	0.225279
2.91875	-0.724023	-0.388581	0.228842
2.94375	-0.711883	-0.388787	0.230827
2.96875	-0.711883	-0.388787	0.230827
2.99375	-0.705533	-0.393854	0.235776
3.01875	-0.707083	-0.395799	0.247228
3.04375	-0.707083	-0.395799	0.247228
3.06875	-0.712475	-0.40485	0.258858
3.09375	-0.722897	-0.423655	0.268459
3.11875	-0.741946	-0.450698	0.270538
3.14375	-0.741946	-0.450698	0.270538
3.16875	-0.768372	-0.491067	0.272278
3.19375	-0.798022	-0.536681	0.259005
3.21875	-0.798022	-0.536681	0.259005
3.24375	-0.829536	-0.578131	0.23083
3.26875	-0.829536	-0.578131	0.23083
3.29375	-0.874744	-0.59306	0.211641
3.31875	-0.920673	-0.607535	0.169998
3.34375	-0.920673	-0.607535	0.169998
3.36875	-0.971607	-0.624642	0.139106
3.39375	-0.971607	-0.624642	0.139106
3.41875	-0.991917	-0.64951	0.149739
3.44375	-0.993313	-0.648728	0.179943
3.46875	-0.993313	-0.648728	0.179943
3.49375	-0.99442	-0.649902	0.200386
3.51875	-0.995535	-0.650741	0.220699
3.54375	-0.996164	-0.650563	0.238057
3.56875	-0.996164	-0.650563	0.238057
3.59375	-0.988896	-0.645253	0.235044
3.61875	-0.988896	-0.645253	0.235044
3.64375	-0.971609	-0.635614	0.230826
3.66875	-0.963847	-0.633313	0.229929
3.69375	-0.956132	-0.632188	0.231051
3.71875	-0.95254	-0.635403	0.233876
3.74375	-0.955439	-0.645748	0.239736
3.76875	-0.96406	-0.66013	0.246871
3.79375	-0.979257	-0.677828	0.256778
3.81875	-1.00181	-0.702269	0.265191
3.84375	-1.00181	-0.702269	0.265191
3.86875	-1.03483	-0.73311	0.264701
3.89375	-1.11619	-0.799538	0.216622
3.91875	-1.16635	-0.818111	0.171431
3.94375	-1.16635	-0.818111	0.171431
3.96875	-1.22482	-0.822927	0.12358
3.99375	-1.23439	-0.836127	0.125906
4.01875	-1.23439	-0.836127	0.125906
4.04375	-1.24253	-0.848761	0.127022
4.06875	-1.24253	-0.848761	0.127022
4.09375	-1.24798	-0.866407	0.132724
4.11875	-1.24922	-0.882802	0.14161
4.14375	-1.24411	-0.870493	0.160435
4.16875	-1.24065	-0.857772	0.177372
4.19375	-1.24065	-0.857772	0.177372
4.21875	-1.24177	-0.8524	0.195359
4.24375	-1.24266	-0.849301	0.209365
4.26875	-1.2431	-0.848335	0.22227
4.29375	-1.24303	-0.84674	0.234937
4.31875	-1.24303	-0.84674	0.234937
4.34375	-1.23363	-0.837934	0.230202
4.36875	-1.2255	-0.833556	0.229857
4.39375	-1.2255	-0.833556	0.229857
4.41875	-1.20266	-0.826493	0.231402
4.44375	-1.19744	-0.828695	0.231274
4.46875	-1.20248	-0.831759	0.239748
4.49375	-1.20248	-0.831759	0.239748
4.51875	-1.23213	-0.855578	0.256317
4.54375	-1.25947	-0.88072	0.264007
4.56875	-1.34144	-0.941184	0.261093
4.59375	-1.38891	-0.96093	0.235646
4.61875	-1.43513	-0.981041	0.180998
4.64375	-1.45982	-0.996168	0.134392
4.66875	-1.46328	-0.992499	0.130619
4.69375	-1.46328	-0.992499	0.130619
4.71875	-1.46328	-0.992499	0.130619
4.74375	-1.46334	-0.98621	0.126062
4.76875	-1.46117	-0.98392	0.126281
4.79375	-1.45781	-0.983712	0.129732
4.81875	-1.45781	-0.983712	0.129732
4.84375	-1.4449	-0.981101	0.15151
4.86875	-1.4449	-0.981101	0.15151
4.89375	-1.43866	-0.969704	0.163009
4.91875	-1.44124	-0.965641	0.184034
4.94375	-1.44124	-0.965641	0.184034
4.96875	-1.44321	-0.962566	0.192871
4.99375	-1.44418	-0.960239	0.193304
5.01875	-1.44418	-0.960239	0.193304
5.04375	-1.44348	-0.958048	0.205437
5.06875	-1.44179	-0.955867	0.227465
5.09375	-1.44179	-0.955867	0.227465
5.11875	-1.44019	-0.954202	0.235304
5.14375	-1.44019	-0.954202	0.235304
5.16875	-1.43483	-0.949261	0.234583
5.19375	-1.42588	-0.942795	0.234115
5.21875	-1.42588	-0.942795	0.234115
5.24375	-1.4149	-0.935816	0.235705
5.26875	-1.40945	-0.931807	0.235884
5.29375	-1.41363	-0.929283	0.241151
5.31875	-1.41363	-0.929283	0.241151
5.34375	-1.42396	-0.93472	0.246421
5.36875	-1.44114	-0.949607	0.251218
5.39375	-1.50524	-1.00839	0.24507
5.41875	-1.54899	-1.05026	0.226685
5.44375	-1.59253	-1.09217	0.185957
5.46875	-1.59253	-1.09217	0.185957
5.49375	-1.59253	-1.09217	0.185957
5.51875	-1.64537	-1.11424	0.142906
5.54375	-1.67584	-1.13323	0.12688
5.56875	-1.68694	-1.14473	0.133982
5.59375	-1.68462	-1.1472	0.14396
5.61875	-1.67566	-1.14237	0.153539
5.64375	-1.66984	-1.12503	0.168276
5.66875	-1.66481	-1.11213	0.179539
5.69375	-1.66481	-1.10897	0.189132
5.71875	-1.66481	-1.10897	0.189132
5.74375	-1.66639	-1.10737	0.194884
5.76875	-1.66816	-1.107	0.215026
5.79375	-1.67174	-1.11438	0.222702
5.81875	-1.6717	-1.11789	0.232523
5.84375	-1.66944	-1.12021	0.231091
5.86875	-1.66516	-1.12275	0.226697
5.89375	-1.65803	-1.12298	0.22561
5.91875	-1.65803	-1.12298	0.22561
5.94375	-1.65017	-1.12168	0.225762
5.96875	-1.63796	-1.11945	0.231316
5.99375	-1.63796	-1.11945	0.231316
