1.01875	1.86265e-08	3.72529e-08	0.24425
1.04375	0.344583	0.10798	0.126772
1.06875	0.344583	0.10798	0.126772
1.09375	0.358675	0.1134	0.161779
1.11875	0.358675	0.1134	0.161779
1.14375	0.352203	0.108431	0.182336
1.16875	0.346882	0.105951	0.194048
1.19375	0.340361	0.101623	0.201538
1.21875	0.337236	0.0992558	0.217333
1.24375	0.33531	0.0978686	0.236225
1.26875	0.333364	0.0966055	0.237561
1.29375	0.329855	0.0932319	0.231544
1.31875	0.329855	0.0932319	0.231544
1.34375	0.325662	0.0891216	0.225976
1.36875	0.321042	0.0855016	0.222266
1.39375	0.31724	0.0861541	0.223201
1.41875	0.314684	0.0929491	0.230041
1.44375	0.314684	0.0929491	0.230041
1.46875	0.309319	0.0976463	0.245193
1.49375	0.309319	0.0976463	0.245193
1.51875	0.2998	0.0982638	0.260759
1.54375	0.288962	0.0989378	0.271436
1.56875	0.278925	0.10658	0.279454
1.59375	0.266737	0.133318	0.281197
1.61875	0.260306	0.166662	0.286624
1.64375	0.260306	0.166662	0.286624
1.66875	0.256264	0.21235	0.280173
1.69375	0.254115	0.260888	0.251999
1.71875	0.254115	0.260888	0.251999
1.74375	0.25292	0.310801	0.20267
1.76875	0.25292	0.310801	0.20267
1.79375	0.272055	0.357298	0.181064
1.81875	0.306468	0.451116	0.124994
1.84375	0.306468	0.451116	0.124994
1.86875	0.304786	0.450348	0.140885
1.89375	0.302483	0.448867	0.178531
1.91875	0.300298	0.447655	0.195111
1.94375	0.300298	0.447655	0.195111
1.96875	0.298922	0.444255	0.208936
1.99375	0.298128	0.442675	0.225113
2.01875	0.297546	0.440831	0.243366
2.04375	0.297081	0.437899	0.235953
2.06875	0.297081	0.437899	0.235953
2.09375	0.297081	0.437899	0.235953
2.11875	0.29298	0.419462	0.222867
2.14375	0.29298	0.419462	0.222867
2.16875	0.290242	0.410155	0.224781
2.19375	0.288134	0.3977	0.233181
2.21875	0.289906	0.389318	0.240093
2.24375	0.289393	0.38736	0.247709
2.26875	0.282758	0.390637	0.256735
2.29375	0.268808	0.39908	0.266506
2.31875	0.268808	0.39908	0.266506
2.34375	0.246804	0.414284	0.274027
2.36875	0.215134	0.439817	0.276795
2.39375	0.17466	0.474629	0.271349
2.41875	0.093378	0.547622	0.20773
2.44375	0.0786943	0.596626	0.175312
2.46875	0.0857962	0.657484	0.138621
2.49375	0.0715608	0.696614	0.10723
2.51875	0.0406367	0.7163	0.110838
2.54375	0.0406367	0.7163	0.110838
2.56875	0.028176	0.724281	0.131325
2.59375	0.0331381	0.720246	0.151173
2.61875	0.0331381	0.720246	0.151173
2.64375	0.0449163	0.714541	0.1719
2.66875	0.0615384	0.707743	0.19232
2.69375	0.062651	0.706927	0.194687
2.71875	0.0657851	0.704795	0.196977
2.74375	0.0678471	0.703639	0.204235
2.76875	0.0691811	0.702837	0.226559
2.79375	0.0722502	0.700205	0.240885
2.81875	0.0722502	0.700205	0.240885
2.84375	0.0751481	0.697101	0.233355
2.86875	0.0751481	0.697101	0.233355
2.89375	0.0801458	0.688158	0.226515
2.91875	0.0801458	0.688158	0.226515
2.94375	0.0841157	0.684603	0.233311
2.96875	0.08466	0.67703	0.24552
2.99375	0.0824836	0.671055	0.250068
3.01875	0.0756096	0.67261	0.254251
3.04375	0.0605496	0.681364	0.260071
3.06875	0.0374234	0.69789	0.265842
3.09375	0.0374234	0.69789	0.265842
3.11875	-0.0240396	0.758085	0.270202
3.14375	-0.0492771	0.795933	0.248319
3.16875	-0.0751711	0.83475	0.194786
3.19375	-0.0959653	0.877826	0.128779
3.21875	-0.106991	0.900029	0.111572
3.24375	-0.121611	0.908514	0.113051
3.26875	-0.131086	0.91582	0.120206
3.29375	-0.131086	0.91582	0.120206
3.31875	-0.132316	0.914623	0.124525
3.34375	-0.132316	0.914623	0.124525
3.36875	-0.124878	0.904721	0.136849
3.39375	-0.10833	0.89674	0.154929
3.41875	-0.101025	0.89748	0.182364
3.44375	-0.101025	0.89748	0.182364
3.46875	-0.0957183	0.897922	0.198047
3.49375	-0.0879945	0.905375	0.20172
3.51875	-0.0783347	0.914765	0.204789
3.54375	-0.0712143	0.916472	0.217899
3.56875	-0.066316	0.921852	0.230122
3.59375	-0.066316	0.921852	0.230122
3.61875	-0.053835	0.931423	0.226452
3.64375	-0.0468826	0.933174	0.224503
3.66875	-0.0408076	0.93438	0.224332
3.69375	-0.0357001	0.93629	0.232567
3.71875	-0.0284716	0.935485	0.248693
3.74375	-0.0284716	0.935485	0.248693
3.76875	-0.0155769	0.929617	0.265357
3.79375	0.000776909	0.921031	0.275309
3.81875	0.0159228	0.914532	0.282001
3.84375	0.0296436	0.913133	0.291736
3.86875	0.0398148	0.917519	0.305389
3.89375	0.0446658	0.949269	0.33198
3.91875	0.0446658	0.949269	0.33198
3.94375	0.0374767	0.973394	0.335051
3.96875	0.0250911	0.996887	0.325089
3.99375	0.0250911	0.996887	0.325089
4.01875	-0.00083443	1.04424	0.283091
4.04375	-0.00083443	1.04424	0.283091
4.06875	-0.00083443	1.04424	0.283091
4.09375	-0.00083443	1.04424	0.283091
4.11875	-0.00151436	1.13573	0.251004
4.14375	-0.000214405	1.15391	0.272617
4.16875	-0.00159443	1.16196	0.282439
4.19375	-0.00843753	1.1645	0.28035
4.21875	-0.00843753	1.1645	0.28035
4.24375	-0.0369226	1.16414	0.279123
4.26875	-0.0573628	1.16101	0.271658
4.29375	-0.0817454	1.1557	0.248797
4.31875	-0.0817454	1.1557	0.248797
4.34375	-0.130016	1.13438	0.227232
4.36875	-0.139904	1.12509	0.224105
4.39375	-0.138356	1.11592	0.225553
4.41875	-0.129275	1.10906	0.228046
4.44375	-0.118655	1.10069	0.243178
4.46875	-0.109289	1.09312	0.258085
4.49375	-0.0971655	1.08422	0.269521
4.51875	-0.0971655	1.08422	0.269521
4.54375	-0.0872535	1.0771	0.279247
4.56875	-0.0801669	1.07141	0.288614
4.59375	-0.0790505	1.06669	0.300776
4.61875	-0.0858402	1.06401	0.315098
4.64375	-0.102131	1.06257	0.328822
4.66875	-0.102131	1.06257	0.328822
4.69375	-0.158285	1.05623	0.33172
4.71875	-0.191994	1.0498	0.310864
4.74375	-0.191994	1.0498	0.310864
4.76875	-0.227131	1.04138	0.281568
4.79375	-0.265262	1.03118	0.252915
4.81875	-0.310494	1.01798	0.221218
4.84375	-0.365755	1.00075	0.170034
4.86875	-0.365755	1.00075	0.170034
4.89375	-0.459181	0.97519	0.144197
4.91875	-0.455754	0.97927	0.176697
4.94375	-0.448765	0.982013	0.194307
4.96875	-0.447216	0.982443	0.201678
4.99375	-0.445022	0.983522	0.205673
5.01875	-0.44191	0.984921	0.228393
5.04375	-0.438414	0.987054	0.240762
5.06875	-0.434348	0.989717	0.234174
5.09375	-0.428885	0.992649	0.228254
5.11875	-0.422202	0.99489	0.223584
5.14375	-0.414806	0.995625	0.222649
5.16875	-0.414806	0.995625	0.222649
5.19375	-0.408478	0.992296	0.223603
5.21875	-0.390573	0.983657	0.247365
5.24375	-0.390573	0.983657	0.247365
5.26875	-0.352003	0.983301	0.267052
5.29375	-0.332389	0.97934	0.270612
5.31875	-0.322102	0.979768	0.283746
5.34375	-0.314719	0.974171	0.296123
5.36875	-0.307277	0.94638	0.302168
5.39375	-0.304287	0.909104	0.29703
5.41875	-0.304717	0.869295	0.27447
5.44375	-0.304717	0.869295	0.27447
5.46875	-0.301742	0.825415	0.235448
5.49375	-0.290251	0.781247	0.185878
5.51875	-0.290251	0.781247	0.185878
5.54375	-0.315032	0.654676	0.127842
5.56875	-0.301889	0.61331	0.119585
5.59375	-0.301889	0.61331	0.119585
5.61875	-0.296326	0.60429	0.138815
5.64375	-0.296709	0.608506	0.165573
5.66875	-0.296709	0.608506	0.165573
5.69375	-0.299448	0.617325	0.185403
5.71875	-0.299265	0.621679	0.194476
5.74375	-0.301792	0.625344	0.197728
5.76875	-0.301792	0.625344	0.197728
5.79375	-0.304129	0.631372	0.237734
5.81875	-0.305002	0.633524	0.241948
5.84375	-0.306901	0.636533	0.234766
5.86875	-0.309716	0.640211	0.228229
5.89375	-0.313089	0.644474	0.222506
5.91875	-0.313089	0.644474	0.222506
5.94375	-0.312909	0.647896	0.222093
5.96875	-0.30847	0.649612	0.229855
5.99375	-0.305846	0.65468	0.245102
