1.01875	1.86265e-08	3.72529e-08	0.24425
1.04375	1.86265e-08	3.72529e-08	0.24425
1.06875	-0.299783	0.0524867	0.141309
1.09375	-0.299783	0.0524867	0.141309
1.11875	-0.296729	0.0409527	0.157318
1.14375	-0.283805	0.0449431	0.171549
1.16875	-0.283805	0.0449431	0.171549
1.19375	-0.276415	0.0512398	0.184367
1.21875	-0.276415	0.0512398	0.184367
1.24375	-0.275998	0.0553587	0.196666
1.26875	-0.275302	0.055607	0.214885
1.29375	-0.274483	0.0564157	0.234776
1.31875	-0.274483	0.0564157	0.234776
1.34375	-0.269906	0.0562497	0.237842
1.36875	-0.26332	0.054856	0.23643
1.39375	-0.26332	0.054856	0.23643
1.41875	-0.253807	0.0525751	0.234738
1.44375	-0.253807	0.0525751	0.234738
1.46875	-0.253807	0.0525751	0.234738
1.49375	-0.237552	0.0490544	0.236476
1.51875	-0.237552	0.0490544	0.236476
1.54375	-0.242602	0.0472783	0.241817
1.56875	-0.256081	0.0466551	0.244959
1.59375	-0.280179	0.0476102	0.243541
1.61875	-0.280179	0.0476102	0.243541
1.64375	-0.316087	0.0514797	0.243295
1.66875	-0.36751	0.0551169	0.242122
1.69375	-0.425232	0.0589842	0.223841
1.71875	-0.425232	0.0589842	0.223841
1.74375	-0.482751	0.0636781	0.182395
1.76875	-0.482751	0.0636781	0.182395
1.79375	-0.528593	0.100901	0.144207
1.81875	-0.56054	0.104925	0.136632
1.84375	-0.56054	0.104925	0.136632
1.86875	-0.56153	0.0995807	0.157335
1.89375	-0.553831	0.102585	0.171565
1.91875	-0.55854	0.107157	0.180716
1.94375	-0.564516	0.111552	0.193189
1.96875	-0.569153	0.112907	0.213467
1.99375	-0.569153	0.112907	0.213467
2.01875	-0.572117	0.113776	0.233808
2.04375	-0.572117	0.113776	0.233808
2.06875	-0.57228	0.113936	0.238616
2.09375	-0.57228	0.113936	0.238616
2.11875	-0.570231	0.113333	0.237059
2.14375	-0.570231	0.113333	0.237059
2.16875	-0.56482	0.112236	0.235416
2.19375	-0.554618	0.111539	0.237656
2.21875	-0.551365	0.110884	0.237785
2.24375	-0.551365	0.110884	0.237785
2.26875	-0.557663	0.110062	0.240456
2.29375	-0.557663	0.110062	0.240456
2.31875	-0.572955	0.109161	0.241943
2.34375	-0.597973	0.10982	0.238095
2.36875	-0.6314	0.121907	0.236738
2.39375	-0.681811	0.133583	0.231972
2.41875	-0.681811	0.133583	0.231972
2.44375	-0.740901	0.144342	0.211766
2.46875	-0.800765	0.153394	0.16892
2.49375	-0.800765	0.153394	0.16892
2.51875	-0.868521	0.151782	0.138003
2.54375	-0.8669	0.153163	0.139284
2.56875	-0.860576	0.1465	0.147667
2.59375	-0.844477	0.140889	0.171001
2.61875	-0.83453	0.146132	0.183196
2.64375	-0.823343	0.148852	0.189681
2.66875	-0.823343	0.148852	0.189681
2.69375	-0.810542	0.164722	0.208451
2.71875	-0.806959	0.162653	0.217195
2.74375	-0.806959	0.162653	0.217195
2.76875	-0.80671	0.157934	0.230752
2.79375	-0.80671	0.157934	0.230752
2.81875	-0.777811	0.136016	0.236965
2.84375	-0.777811	0.136016	0.236965
2.86875	-0.76642	0.128774	0.234018
2.89375	-0.755517	0.114448	0.23041
2.91875	-0.755517	0.114448	0.23041
2.94375	-0.755517	0.114448	0.23041
2.96875	-0.755517	0.114448	0.23041
2.99375	-0.772501	0.1029	0.231742
3.01875	-0.784879	0.0960624	0.231918
3.04375	-0.798262	0.101458	0.244217
3.06875	-0.817878	0.10971	0.253366
3.09375	-0.817878	0.10971	0.253366
3.11875	-0.847767	0.123011	0.256173
3.14375	-0.890566	0.136059	0.24829
3.16875	-0.94149	0.147408	0.222415
3.19375	-0.995395	0.15667	0.175884
3.21875	-0.995395	0.15667	0.175884
3.24375	-1.04496	0.163851	0.125344
3.26875	-1.04496	0.163851	0.125344
3.29375	-1.07123	0.163991	0.127501
3.31875	-1.09176	0.157856	0.140935
3.34375	-1.09176	0.157856	0.140935
3.36875	-1.08907	0.152914	0.159466
3.39375	-1.07646	0.157709	0.172857
3.41875	-1.06606	0.162783	0.179942
3.44375	-1.06666	0.17033	0.188489
3.46875	-1.06695	0.174466	0.202193
3.49375	-1.06751	0.174434	0.223958
3.51875	-1.06751	0.174434	0.223958
3.54375	-1.06546	0.173592	0.239259
3.56875	-1.04952	0.171605	0.235766
3.59375	-1.0371	0.170284	0.234102
3.61875	-1.02676	0.168966	0.231779
3.64375	-1.02676	0.168966	0.231779
3.66875	-1.02191	0.167642	0.22978
3.69375	-1.02946	0.165658	0.233761
3.71875	-1.04358	0.165475	0.238791
3.74375	-1.04358	0.165475	0.238791
3.76875	-1.04358	0.165475	0.238791
3.79375	-1.10392	0.164211	0.247557
3.81875	-1.20196	0.169469	0.232801
3.84375	-1.20196	0.169469	0.232801
3.86875	-1.23285	0.185776	0.215291
3.89375	-1.23285	0.185776	0.215291
3.91875	-1.26257	0.207822	0.175884
3.94375	-1.29418	0.21053	0.135271
3.96875	-1.29734	0.21086	0.137208
3.99375	-1.29734	0.21086	0.137208
4.01875	-1.29684	0.210903	0.137232
4.04375	-1.29626	0.210933	0.13745
4.06875	-1.29045	0.202902	0.147498
4.09375	-1.29045	0.202902	0.147498
4.11875	-1.26957	0.199814	0.175059
4.14375	-1.26957	0.199814	0.175059
4.16875	-1.24955	0.207615	0.189813
4.19375	-1.25015	0.210222	0.194646
4.21875	-1.24679	0.213954	0.199359
4.24375	-1.24303	0.215012	0.211855
4.26875	-1.24143	0.213756	0.230275
4.29375	-1.23268	0.211312	0.236612
4.31875	-1.22327	0.209334	0.23588
4.34375	-1.21066	0.206702	0.234355
4.36875	-1.19919	0.203029	0.232389
4.39375	-1.19228	0.197725	0.230792
4.41875	-1.19228	0.197725	0.230792
4.44375	-1.19554	0.182736	0.230845
4.46875	-1.19938	0.171321	0.230101
4.49375	-1.21107	0.157161	0.231766
4.51875	-1.24783	0.150092	0.257587
4.54375	-1.24783	0.150092	0.257587
4.56875	-1.24783	0.150092	0.257587
4.59375	-1.3139	0.146201	0.258841
4.61875	-1.35287	0.155646	0.229449
4.64375	-1.39607	0.169054	0.180558
4.66875	-1.39607	0.169054	0.180558
4.69375	-1.44696	0.16614	0.12537
4.71875	-1.4495	0.155926	0.134352
4.74375	-1.4495	0.155926	0.134352
4.76875	-1.46125	0.140803	0.137931
4.79375	-1.46125	0.140803	0.137931
4.81875	-1.4767	0.125403	0.139333
4.84375	-1.46678	0.125649	0.162205
4.86875	-1.46219	0.13499	0.175677
4.89375	-1.46219	0.13499	0.175677
4.91875	-1.45613	0.14492	0.185022
4.94375	-1.44905	0.151967	0.189424
4.96875	-1.44677	0.15798	0.194654
4.99375	-1.44453	0.163065	0.198968
5.01875	-1.4402	0.169087	0.222481
5.04375	-1.4402	0.169087	0.222481
5.06875	-1.42838	0.180236	0.226113
5.09375	-1.42021	0.185634	0.225512
5.11875	-1.41161	0.190301	0.225729
5.14375	-1.40219	0.193625	0.227228
5.16875	-1.39086	0.195143	0.229513
5.19375	-1.39086	0.195143	0.229513
5.21875	-1.37109	0.18734	0.230366
5.24375	-1.37305	0.182928	0.239391
5.26875	-1.38338	0.183497	0.25253
5.29375	-1.39879	0.175365	0.26501
5.31875	-1.42125	0.157149	0.27404
5.34375	-1.4535	0.125067	0.278348
5.36875	-1.4535	0.125067	0.278348
5.39375	-1.55412	0.0167229	0.161488
5.41875	-1.59919	0.00771666	0.127131
5.44375	-1.59919	0.00771666	0.127131
5.46875	-1.62006	-0.0296305	0.137667
5.49375	-1.62006	-0.0296305	0.137667
5.51875	-1.63355	-0.0472084	0.136814
5.54375	-1.63355	-0.0472084	0.136814
5.56875	-1.63708	-0.0521858	0.139011
5.59375	-1.62937	-0.050367	0.145539
5.61875	-1.62937	-0.050367	0.145539
5.64375	-1.61832	-0.0438607	0.152836
5.66875	-1.61832	-0.0438607	0.152836
5.69375	-1.60836	-0.0216671	0.162729
5.71875	-1.60981	-0.0108032	0.172021
5.74375	-1.60981	-0.0108032	0.172021
5.76875	-1.61375	-0.00749253	0.184456
5.79375	-1.6167	-0.00371132	0.203425
5.81875	-1.61906	0.00041423	0.225141
5.84375	-1.62243	0.00262985	0.235486
5.86875	-1.62243	0.00262985	0.235486
5.89375	-1.61862	0.0143991	0.233994
5.91875	-1.61184	0.0210427	0.233306
5.94375	-1.60313	0.0281633	0.233596
5.96875	-1.59498	0.0344901	0.234138
5.99375	-1.59498	0.0344901	0.234138
