1.01875	1.86265e-08	3.72529e-08	0.24425
1.04375	-0.17094	0.0399915	0.160444
1.06875	-0.17094	0.0399915	0.160444
1.09375	-0.144617	0.0532564	0.181582
1.11875	-0.144617	0.0532564	0.181582
1.14375	-0.13405	0.0547931	0.194783
1.16875	-0.13405	0.0547931	0.194783
1.19375	-0.137465	0.0575055	0.197974
1.21875	-0.125825	0.0627356	0.2053
1.24375	-0.125825	0.0627356	0.2053
1.26875	-0.11361	0.0647967	0.215418
1.29375	-0.104915	0.0635924	0.229673
1.31875	-0.0955389	0.0629314	0.236898
1.34375	-0.0820749	0.0628197	0.236677
1.36875	-0.0820749	0.0628197	0.236677
1.39375	-0.0656518	0.0619949	0.235497
1.41875	-0.0496281	0.0599302	0.23533
1.44375	-0.0407633	0.0550882	0.233409
1.46875	-0.0403407	0.0454163	0.235715
1.49375	-0.0465734	0.0341431	0.239384
1.51875	-0.0585822	0.0261627	0.24644
1.54375	-0.0771943	0.0181409	0.250193
1.56875	-0.106085	0.00815825	0.25157
1.59375	-0.106085	0.00815825	0.25157
1.61875	-0.149011	-0.00894698	0.249896
1.64375	-0.203033	-0.0340339	0.238606
1.66875	-0.203033	-0.0340339	0.238606
1.69375	-0.258383	-0.0603382	0.205245
1.71875	-0.317137	-0.0781238	0.158524
1.74375	-0.317137	-0.0781238	0.158524
1.76875	-0.366319	-0.0792177	0.127141
1.79375	-0.378745	-0.0970672	0.137155
1.81875	-0.372348	-0.0978755	0.178184
1.84375	-0.372348	-0.0978755	0.178184
1.86875	-0.370037	-0.0945157	0.188594
1.89375	-0.360764	-0.0889167	0.193697
1.91875	-0.360764	-0.0889167	0.193697
1.94375	-0.362779	-0.081456	0.205555
1.96875	-0.362779	-0.081456	0.205555
1.99375	-0.362317	-0.0806564	0.205487
2.01875	-0.360925	-0.0797565	0.210317
2.04375	-0.360925	-0.0797565	0.210317
2.06875	-0.358725	-0.0792911	0.219486
2.09375	-0.358725	-0.0792911	0.219486
2.11875	-0.352183	-0.0772482	0.225827
2.14375	-0.342209	-0.069281	0.227416
2.16875	-0.342209	-0.069281	0.227416
2.19375	-0.339357	-0.0610263	0.231106
2.21875	-0.339357	-0.0610263	0.231106
2.24375	-0.351114	-0.0540121	0.238624
2.26875	-0.373581	-0.0579628	0.245995
2.29375	-0.406344	-0.0703208	0.247011
2.31875	-0.406344	-0.0703208	0.247011
2.34375	-0.477128	-0.112522	0.199754
2.36875	-0.477128	-0.112522	0.199754
2.39375	-0.506131	-0.130278	0.160672
2.41875	-0.527218	-0.143548	0.141847
2.44375	-0.537278	-0.146603	0.141324
2.46875	-0.537278	-0.146603	0.141324
2.49375	-0.539416	-0.145361	0.139047
2.51875	-0.53927	-0.144858	0.138739
2.54375	-0.533217	-0.145612	0.144255
2.56875	-0.521303	-0.147479	0.154886
2.59375	-0.521303	-0.147479	0.154886
2.61875	-0.504422	-0.120925	0.178862
2.64375	-0.499939	-0.116643	0.187943
2.66875	-0.499939	-0.116643	0.187943
2.69375	-0.501605	-0.115013	0.196887
2.71875	-0.499887	-0.108676	0.201674
2.74375	-0.496349	-0.10348	0.20544
2.76875	-0.492591	-0.100056	0.212465
2.79375	-0.488733	-0.0982778	0.222161
2.81875	-0.488733	-0.0982778	0.222161
2.84375	-0.483309	-0.0959831	0.225713
2.86875	-0.476698	-0.0929075	0.225859
2.89375	-0.476698	-0.0929075	0.225859
2.91875	-0.468941	-0.0876056	0.226529
2.94375	-0.468941	-0.0876056	0.226529
2.96875	-0.468505	-0.0801509	0.230694
2.99375	-0.468505	-0.0801509	0.230694
3.01875	-0.483289	-0.0743221	0.240216
3.04375	-0.507992	-0.0787252	0.247335
3.06875	-0.543746	-0.0924952	0.247877
3.09375	-0.543746	-0.0924952	0.247877
3.11875	-0.629983	-0.140668	0.204066
3.14375	-0.629983	-0.140668	0.204066
3.16875	-0.690599	-0.185639	0.134877
3.19375	-0.706194	-0.193735	0.137503
3.21875	-0.706437	-0.193436	0.137277
3.24375	-0.706698	-0.193717	0.137535
3.26875	-0.703847	-0.194723	0.14098
3.29375	-0.703847	-0.194723	0.14098
3.31875	-0.674259	-0.184695	0.167483
3.34375	-0.66702	-0.174896	0.176521
3.36875	-0.66702	-0.174896	0.176521
3.39375	-0.659487	-0.168853	0.180966
3.41875	-0.659487	-0.168853	0.180966
3.44375	-0.660717	-0.168605	0.189843
3.46875	-0.660717	-0.168605	0.189843
3.49375	-0.659574	-0.16491	0.19385
3.51875	-0.658619	-0.16147	0.203461
3.54375	-0.658619	-0.16147	0.203461
3.56875	-0.657755	-0.159056	0.217708
3.59375	-0.654231	-0.155115	0.228894
3.61875	-0.648604	-0.148977	0.227992
3.64375	-0.648604	-0.148977	0.227992
3.66875	-0.642553	-0.141628	0.225388
3.69375	-0.635805	-0.133395	0.229428
3.71875	-0.635805	-0.133395	0.229428
3.74375	-0.633871	-0.1327	0.230591
3.76875	-0.639172	-0.142428	0.229708
3.79375	-0.651824	-0.163426	0.226297
3.81875	-0.651824	-0.163426	0.226297
3.84375	-0.664297	-0.18745	0.225512
3.86875	-0.664297	-0.18745	0.225512
3.89375	-0.686901	-0.218742	0.2169
3.91875	-0.715302	-0.246032	0.19017
3.94375	-0.715302	-0.246032	0.19017
3.96875	-0.742575	-0.273174	0.141479
3.99375	-0.742575	-0.273174	0.141479
4.01875	-0.75441	-0.280303	0.131751
4.04375	-0.75441	-0.280303	0.131751
4.06875	-0.752004	-0.282559	0.137649
4.09375	-0.740798	-0.281872	0.150773
4.11875	-0.739441	-0.270191	0.169511
4.14375	-0.737934	-0.258157	0.182661
4.16875	-0.737934	-0.258157	0.182661
4.19375	-0.735671	-0.250681	0.189074
4.21875	-0.735671	-0.250681	0.189074
4.24375	-0.73568	-0.247971	0.192523
4.26875	-0.735424	-0.245101	0.20232
4.29375	-0.735424	-0.245101	0.20232
4.31875	-0.73313	-0.242004	0.218647
4.34375	-0.730685	-0.241018	0.229442
4.36875	-0.726499	-0.23898	0.231477
4.39375	-0.726499	-0.23898	0.231477
4.41875	-0.718654	-0.23387	0.231034
4.44375	-0.705465	-0.225202	0.235194
4.46875	-0.705465	-0.225202	0.235194
4.49375	-0.691519	-0.221216	0.238176
4.51875	-0.694916	-0.230544	0.236723
4.54375	-0.707359	-0.24461	0.235064
4.56875	-0.731186	-0.260396	0.234837
4.59375	-0.731186	-0.260396	0.234837
4.61875	-0.765345	-0.285753	0.228063
4.64375	-0.765345	-0.285753	0.228063
4.66875	-0.810161	-0.319542	0.207696
4.69375	-0.810161	-0.319542	0.207696
4.71875	-0.810161	-0.319542	0.207696
4.74375	-0.911552	-0.370919	0.130289
4.76875	-0.911552	-0.370919	0.130289
4.79375	-0.919296	-0.376215	0.129116
4.81875	-0.910209	-0.380167	0.141975
4.84375	-0.910209	-0.380167	0.141975
4.86875	-0.899655	-0.383704	0.153221
4.89375	-0.899655	-0.383704	0.153221
4.91875	-0.89864	-0.375627	0.170136
4.94375	-0.89864	-0.375627	0.170136
4.96875	-0.895574	-0.364374	0.181185
4.99375	-0.896722	-0.361415	0.187541
5.01875	-0.900121	-0.363016	0.197337
5.04375	-0.900121	-0.363016	0.197337
5.06875	-0.900121	-0.363016	0.197337
5.09375	-0.900121	-0.363016	0.197337
5.11875	-0.901159	-0.362954	0.214018
5.14375	-0.880087	-0.347743	0.23283
5.16875	-0.880087	-0.347743	0.23283
5.19375	-0.86853	-0.341254	0.233947
5.21875	-0.856701	-0.336451	0.236432
5.24375	-0.850563	-0.337573	0.236715
5.26875	-0.856425	-0.359791	0.236468
5.29375	-0.872079	-0.373106	0.239036
5.31875	-0.872079	-0.373106	0.239036
5.34375	-0.895845	-0.392637	0.238492
5.36875	-0.930431	-0.419268	0.23112
5.39375	-0.970558	-0.446473	0.209782
5.41875	-1.0126	-0.470827	0.166499
5.44375	-1.05577	-0.485361	0.124748
5.46875	-1.05577	-0.485361	0.124748
5.49375	-1.05994	-0.502244	0.135588
5.51875	-1.06027	-0.503645	0.136391
5.54375	-1.05958	-0.504038	0.137572
5.56875	-1.05958	-0.504038	0.137572
5.59375	-1.05606	-0.503697	0.14123
5.61875	-1.04243	-0.502129	0.152366
5.64375	-1.04243	-0.502129	0.152366
5.66875	-1.039	-0.485967	0.169859
5.69375	-1.03432	-0.469247	0.181914
5.71875	-1.0343	-0.46179	0.188225
5.74375	-1.03278	-0.454818	0.194129
5.76875	-1.03278	-0.454818	0.194129
5.79375	-1.02529	-0.437367	0.230984
5.81875	-1.02529	-0.437367	0.230984
5.84375	-1.01971	-0.432247	0.230604
5.86875	-1.01064	-0.426602	0.228336
5.89375	-1.01064	-0.426602	0.228336
5.91875	-1.01064	-0.426602	0.228336
5.94375	-1.00052	-0.421939	0.226619
5.96875	-0.987924	-0.417238	0.231516
5.99375	-0.981897	-0.419807	0.23244
