1.01875	1.86265e-08	3.72529e-08	0.24425
1.04375	-0.000329211	0.000564095	0.200222
1.06875	-0.000449173	0.000600528	0.200007
1.09375	-0.000449173	0.000600528	0.200007
1.11875	-0.000512619	0.000774048	0.200001
1.14375	-0.000497401	0.000740204	0.199791
1.16875	-0.000497401	0.000740204	0.199791
1.19375	-0.000522889	0.000704963	0.199934
1.21875	-0.000731915	0.000686541	0.199957
1.24375	-0.000731915	0.000686541	0.199957
1.26875	-0.000695899	0.000626232	0.199712
1.29375	-0.000695899	0.000626232	0.199712
1.31875	-0.000695899	0.000626232	0.199712
1.34375	-0.000958983	0.000783116	0.199965
1.36875	-0.000796836	0.000714995	0.200257
1.39375	-0.000803366	0.000846639	0.199992
1.41875	-0.000803366	0.000846639	0.199992
1.44375	-0.000711638	0.000979166	0.19976
1.46875	-0.000937875	0.000798356	0.200328
1.49375	-0.000794739	0.00102217	0.200245
1.51875	-0.000794739	0.00102217	0.200245
1.54375	-0.000953447	0.00099564	0.200187
1.56875	-0.000953447	0.00099564	0.200187
1.59375	-0.000769585	0.00114882	0.200127
1.61875	-0.00086977	0.00115976	0.200305
1.64375	-0.00075002	0.00100821	0.200319
1.66875	-0.0007479	0.000738185	0.20043
1.69375	-0.000740368	0.00093304	0.200255
1.71875	-0.000740368	0.00093304	0.200255
1.74375	-0.000782553	0.000874478	0.200444
1.76875	-0.000945032	0.000790671	0.200309
1.79375	-0.000782523	0.000709936	0.200064
1.81875	-0.000782523	0.000709936	0.200064
1.84375	-0.000674106	0.000536516	0.200201
1.86875	-0.000852436	0.000491474	0.200225
1.89375	-0.000852436	0.000491474	0.200225
1.91875	-0.00100827	0.000712771	0.20004
1.94375	-0.0011178	0.000526682	0.200143
1.96875	-0.00126251	0.000608008	0.200249
1.99375	-0.000938844	0.000536449	0.199967
2.01875	-0.000932969	0.000637621	0.199966
2.04375	-0.000932969	0.000637621	0.199966
2.06875	-0.00109344	0.000452425	0.200072
2.09375	-0.00114911	0.000604901	0.200185
2.11875	-0.00132916	0.000416562	0.200036
2.14375	-0.00120834	0.000470765	0.200109
2.16875	-0.00122081	0.000556942	0.200109
2.19375	-0.00122081	0.000556942	0.200109
2.21875	-0.0011416	0.000469439	0.200264
2.24375	-0.00107329	0.000644095	0.200384
2.26875	-0.000855565	0.000807609	0.200335
2.29375	-0.00084047	0.000647437	0.199967
2.31875	-0.000943169	0.000707094	0.199853
2.34375	-0.000882998	0.000637412	0.200065
2.36875	-0.000882998	0.000637412	0.200065
2.39375	-0.000898439	0.000522103	0.200153
2.41875	-0.00101477	0.000631362	0.200253
2.44375	-0.000981182	0.00066391	0.200187
2.46875	-0.00100175	0.000606149	0.200157
2.49375	-0.00106299	0.000708904	0.200217
2.51875	-0.0010355	0.000616394	0.200017
2.54375	-0.00104954	0.000888947	0.199907
2.56875	-0.00104954	0.000888947	0.199907
2.59375	-0.000995547	0.000871994	0.20008
2.61875	-0.0011117	0.00112272	0.200133
2.64375	-0.00108774	0.000826605	0.200414
2.66875	-0.00108774	0.000826605	0.200414
2.69375	-0.00111517	0.000597488	0.200294
2.71875	-0.00116374	0.000692487	0.200299
2.74375	-0.00116374	0.000692487	0.200299
2.76875	-0.00124123	0.000737377	0.200034
2.79375	-0.00117731	0.000766266	0.199884
2.81875	-0.00117731	0.000766266	0.199884
2.84375	-0.001035	0.00072274	0.200063
2.86875	-0.00110932	0.000773713	0.199818
2.89375	-0.00110932	0.000773713	0.199818
2.91875	-0.00110058	0.000638023	0.200008
2.94375	-0.000971079	0.00076703	0.19983
2.96875	-0.000948265	0.000793215	0.199866
2.99375	-0.00101185	0.00089024	0.199699
3.01875	-0.00126815	0.000962596	0.199879
3.04375	-0.00126815	0.000962596	0.199879
3.06875	-0.0012985	0.00118002	0.200036
3.09375	-0.00129869	0.00119854	0.199896
3.11875	-0.00101694	0.00108599	0.199937
3.14375	-0.00139642	0.000947926	0.200192
3.16875	-0.00139642	0.000947926	0.200192
3.19375	-0.00122667	0.00099884	0.200182
3.21875	-0.0010234	0.000923552	0.200029
3.24375	-0.00116273	0.00106597	0.200161
3.26875	-0.00102513	0.00102323	0.199991
3.29375	-0.00102513	0.00102323	0.199991
3.31875	-0.000841424	0.00102505	0.200041
3.34375	-0.000746429	0.00106387	0.199998
3.36875	-0.000784893	0.00134985	0.200166
3.39375	-0.000784721	0.00120481	0.20032
3.41875	-0.000703696	0.00122143	0.200105
3.44375	-0.000861857	0.00132359	0.200026
3.46875	-0.000740629	0.00146216	0.19992
3.49375	-0.000808392	0.00129637	0.200306
3.51875	-0.000808392	0.00129637	0.200306
3.54375	-0.00085767	0.00147866	0.199977
3.56875	-0.000809219	0.00152688	0.200043
3.59375	-0.000698663	0.001424	0.200082
3.61875	-0.000781231	0.00140662	0.200092
3.64375	-0.000781231	0.00140662	0.200092
3.66875	-0.000667565	0.00162181	0.200141
3.69375	-0.000720356	0.00175053	0.200055
3.71875	-0.000720356	0.00175053	0.200055
3.74375	-0.000646949	0.00161278	0.20009
3.76875	-0.000466671	0.00168531	0.200055
3.79375	-0.000466671	0.00168531	0.200055
3.81875	-0.00045599	0.00151741	0.200063
3.84375	-0.00045599	0.00151741	0.200063
3.86875	-0.0005727	0.00151455	0.19994
3.89375	-0.000483505	0.00143917	0.200158
3.91875	-0.00054507	0.00111836	0.200254
3.94375	-0.000605565	0.00111342	0.200055
3.96875	-0.00064389	0.0013898	0.19998
3.99375	-0.000716947	0.00131673	0.200281
4.01875	-0.000716947	0.00131673	0.200281
4.04375	-0.000600554	0.00123539	0.199898
4.06875	-0.000600554	0.00123539	0.199898
4.09375	-0.000637889	0.00116288	0.200033
4.11875	-0.0005631	0.00121383	0.200135
4.14375	-0.000606179	0.00137886	0.200058
4.16875	-0.000606179	0.00137886	0.200058
4.19375	-0.000711899	0.00123649	0.199692
4.21875	-0.000711899	0.00123649	0.199692
4.24375	-0.000699244	0.0012893	0.199838
4.26875	-0.000795435	0.0013908	0.20011
4.29375	-0.000795435	0.0013908	0.20011
4.31875	-0.000686869	0.00138139	0.200524
4.34375	-0.000686869	0.00138139	0.200524
4.36875	-0.000764012	0.00126543	0.200042
4.39375	-0.000764012	0.00126543	0.200042
4.41875	-0.000810556	0.00127977	0.200084
4.44375	-0.000837635	0.00139366	0.200097
4.46875	-0.000810411	0.00158147	0.199735
4.49375	-0.000788912	0.00152248	0.200119
4.51875	-0.000788912	0.00152248	0.200119
4.54375	-0.000787325	0.00160931	0.199987
4.56875	-0.00102953	0.00165354	0.20019
4.59375	-0.00110124	0.00173527	0.200075
4.61875	-0.00102472	0.00172093	0.199991
4.64375	-0.00101881	0.00173214	0.200165
4.66875	-0.00101881	0.00173214	0.200165
4.69375	-0.000969507	0.0017161	0.200188
4.71875	-0.000969507	0.0017161	0.200188
4.74375	-0.000966743	0.00173301	0.200014
4.76875	-0.000960499	0.0016642	0.199995
4.79375	-0.000960499	0.0016642	0.199995
4.81875	-0.00109265	0.00168672	0.199786
4.84375	-0.00109265	0.00168672	0.199786
4.86875	-0.00109127	0.00180499	0.199858
4.89375	-0.000955641	0.00168904	0.199969
4.91875	-0.00113931	0.00162825	0.199998
4.94375	-0.00116144	0.00164596	0.19986
4.96875	-0.00116144	0.00164596	0.19986
4.99375	-0.00116064	0.00153342	0.199979
5.01875	-0.00116064	0.00153342	0.199979
5.04375	-0.00106589	0.00154519	0.200001
5.06875	-0.000951178	0.0015799	0.199836
5.09375	-0.000895716	0.00166175	0.200084
5.11875	-0.000647146	0.00189838	0.199943
5.14375	-0.000502668	0.00205483	0.199868
5.16875	-0.000459962	0.00204939	0.199594
5.19375	-0.000459962	0.00204939	0.199594
5.21875	-0.000408057	0.00200756	0.199796
5.24375	-0.000549208	0.00205098	0.200011
5.26875	-0.000549208	0.00205098	0.200011
5.29375	-0.000474647	0.0017622	0.200186
5.31875	-0.000474647	0.0017622	0.200186
5.34375	-0.000313237	0.00195238	0.200069
5.36875	-0.000231978	0.0018164	0.200112
5.39375	-0.000330158	0.00194556	0.200378
5.41875	-0.000231855	0.00182979	0.200444
5.44375	-0.000231855	0.00182979	0.200444
5.46875	-0.000147615	0.00203661	0.200156
5.49375	-0.000147615	0.00203661	0.200156
5.51875	-0.000284515	0.00201841	0.199971
5.54375	-0.000278749	0.00200396	0.200162
5.56875	-0.000278749	0.00200396	0.200162
5.59375	-0.000278749	0.00200396	0.200162
5.61875	-0.000267658	0.00215992	0.199976
5.64375	-0.000160832	0.00183477	0.199917
5.66875	-0.000160832	0.00183477	0.199917
5.69375	-0.000196561	0.00174165	0.200077
5.71875	-0.000196561	0.00174165	0.200077
5.74375	1.80118e-05	0.00193429	0.199862
5.76875	-0.000367887	0.00180383	0.200125
5.79375	-0.000367887	0.00180383	0.200125
5.81875	-0.000269353	0.00183992	0.199769
5.84375	-0.000224341	0.00190808	0.199587
5.86875	-0.000224341	0.00190808	0.199587
5.89375	-0.000421952	0.0020125	0.199842
5.91875	-0.00020957	0.00216385	0.200096
5.94375	-0.000245683	0.00182656	0.200093
5.96875	-0.000223398	0.00200995	0.199882
5.99375	-0.000223398	0.00200995	0.199882
