1.01875	1.86265e-08	3.72529e-08	0.24425
1.04375	1.86265e-08	3.72529e-08	0.24425
1.06875	0.00516132	0.000264417	0.199852
1.09375	0.00500155	0.000108644	0.199909
1.11875	0.00500155	0.000108644	0.199909
1.14375	0.00513177	6.12773e-05	0.199838
1.16875	0.00513177	6.12773e-05	0.199838
1.19375	0.00504221	7.50534e-05	0.199814
1.21875	0.00510325	0.000194348	0.200091
1.24375	0.00510325	0.000194348	0.200091
1.26875	0.00504865	0.000227109	0.200207
1.29375	0.00504059	0.000174679	0.200221
1.31875	0.00504059	0.000174679	0.200221
1.34375	0.00504366	0.000106532	0.200006
1.36875	0.0050018	0.000219308	0.200113
1.39375	0.00485291	0.000225395	0.199778
1.41875	0.00489441	5.50821e-05	0.200062
1.44375	0.00489441	5.50821e-05	0.200062
1.46875	0.00501447	3.07597e-05	0.200002
1.49375	0.00501447	3.07597e-05	0.200002
1.51875	0.00489116	4.65587e-05	0.200189
1.54375	0.00489256	-3.95775e-05	0.200212
1.56875	0.00489256	-3.95775e-05	0.200212
1.59375	0.00489256	-3.95775e-05	0.200212
1.61875	0.00493656	5.5775e-05	0.200103
1.64375	0.00481873	-0.000265069	0.200298
1.66875	0.00481873	-0.000265069	0.200298
1.69375	0.00486022	-0.000100773	0.200019
1.71875	0.00486022	-0.000100773	0.200019
1.74375	0.00464787	-0.000235714	0.200094
1.76875	0.00459369	-0.000280384	0.200087
1.79375	0.00459369	-0.000280384	0.200087
1.81875	0.00461257	-0.000293445	0.200262
1.84375	0.00489457	-0.000326134	0.20014
1.86875	0.00498148	-0.000329193	0.200402
1.89375	0.00497695	-0.000286642	0.200347
1.91875	0.00511854	-0.000271328	0.200135
1.94375	0.00520298	-0.000457663	0.20015
1.96875	0.00510123	-0.000557475	0.199871
1.99375	0.00513681	-0.000551216	0.199881
2.01875	0.00513681	-0.000551216	0.199881
2.04375	0.00526585	-0.000752918	0.199987
2.06875	0.00518453	-0.000756979	0.200221
2.09375	0.0051264	-0.000874132	0.200137
2.11875	0.00505244	-0.000863653	0.199963
2.14375	0.00501695	-0.00071473	0.200001
2.16875	0.00501695	-0.00071473	0.200001
2.19375	0.00494342	-0.000726651	0.200064
2.21875	0.00483174	-0.000856198	0.200228
2.24375	0.00485717	-0.000792395	0.200076
2.26875	0.00496532	-0.000786934	0.199927
2.29375	0.00494032	-0.000943005	0.200286
2.31875	0.00507941	-0.00116795	0.200249
2.34375	0.00506533	-0.00124383	0.200399
2.36875	0.00520816	-0.00126189	0.19992
2.39375	0.00532801	-0.00128063	0.19979
2.41875	0.00532801	-0.00128063	0.19979
2.44375	0.00525702	-0.0013878	0.199992
2.46875	0.00509587	-0.00133457	0.200232
2.49375	0.00509587	-0.00133457	0.200232
2.51875	0.0051986	-0.00139605	0.200004
2.54375	0.0051986	-0.00139605	0.200004
2.56875	0.0051986	-0.00139605	0.200004
2.59375	0.0052383	-0.00158783	0.199986
2.61875	0.00514065	-0.00158402	0.200286
2.64375	0.00526478	-0.00171895	0.200256
2.66875	0.00526478	-0.00171895	0.200256
2.69375	0.00537555	-0.00175449	0.200188
2.71875	0.005297	-0.00154518	0.200152
2.74375	0.00551256	-0.00176857	0.199842
2.76875	0.0053541	-0.00190527	0.199993
2.79375	0.00541238	-0.00195561	0.200019
2.81875	0.00529926	-0.00202387	0.200433
2.84375	0.00529926	-0.00202387	0.200433
2.86875	0.00511933	-0.0021167	0.20004
2.89375	0.00511933	-0.0021167	0.20004
2.91875	0.0051131	-0.00230595	0.199833
2.94375	0.00483132	-0.00247368	0.200137
2.96875	0.00483132	-0.00247368	0.200137
2.99375	0.00495587	-0.00221105	0.200059
3.01875	0.00501541	-0.00218438	0.199871
3.04375	0.00501541	-0.00218438	0.199871
3.06875	0.00508472	-0.00221056	0.200145
3.09375	0.00527501	-0.00222713	0.199882
3.11875	0.00533994	-0.00216972	0.199765
3.14375	0.00533994	-0.00216972	0.199765
3.16875	0.00490156	-0.00195516	0.199944
3.19375	0.00490156	-0.00195516	0.199944
3.21875	0.00484583	-0.00190832	0.200266
3.24375	0.00484583	-0.00190832	0.200266
3.26875	0.00499636	-0.00194371	0.200026
3.29375	0.00518934	-0.00197798	0.200051
3.31875	0.00533505	-0.00177547	0.199858
3.34375	0.00533505	-0.00177547	0.199858
3.36875	0.00533575	-0.00186063	0.199926
3.39375	0.00513704	-0.00179389	0.200261
3.41875	0.00533306	-0.00178846	0.199793
3.44375	0.00505847	-0.00185804	0.200285
3.46875	0.00494936	-0.00192536	0.199904
3.49375	0.00497273	-0.00205452	0.199854
3.51875	0.00497273	-0.00205452	0.199854
3.54375	0.00492724	-0.00209304	0.199785
3.56875	0.00501628	-0.00212042	0.199894
3.59375	0.00501628	-0.00212042	0.199894
3.61875	0.00499892	-0.00220832	0.199612
3.64375	0.00499892	-0.00220832	0.199612
3.66875	0.00515527	-0.00204382	0.19975
3.69375	0.00515527	-0.00204382	0.19975
3.71875	0.00507443	-0.00209548	0.199567
3.74375	0.00508092	-0.00226378	0.199519
3.76875	0.00519291	-0.00232898	0.199618
3.79375	0.00519291	-0.00232898	0.199618
3.81875	0.00507938	-0.00228817	0.200312
3.84375	0.00506995	-0.00215342	0.200264
3.86875	0.00508691	-0.00217193	0.200201
3.89375	0.0051363	-0.00216826	0.199911
3.91875	0.00503696	-0.00223507	0.199948
3.94375	0.00512715	-0.00228489	0.199832
3.96875	0.0052487	-0.00239151	0.199729
3.99375	0.0052487	-0.00239151	0.199729
4.01875	0.00504365	-0.00259635	0.200131
4.04375	0.00505109	-0.00253653	0.199882
4.06875	0.00513308	-0.0024747	0.199885
4.09375	0.00513308	-0.0024747	0.199885
4.11875	0.00523471	-0.00249429	0.199827
4.14375	0.00522592	-0.00246894	0.19953
4.16875	0.00522592	-0.00246894	0.19953
4.19375	0.00519746	-0.00234811	0.199474
4.21875	0.00504239	-0.00234697	0.200054
4.24375	0.00489179	-0.00245662	0.200424
4.26875	0.00489179	-0.00245662	0.200424
4.29375	0.00494246	-0.00240414	0.20021
4.31875	0.00478621	-0.00220986	0.200089
4.34375	0.00478377	-0.00246095	0.20002
4.36875	0.00480331	-0.00262182	0.199965
4.39375	0.00477174	-0.00283866	0.199849
4.41875	0.00477174	-0.00283866	0.199849
4.44375	0.00483832	-0.00277261	0.199856
4.46875	0.00475674	-0.00260469	0.199883
4.49375	0.00475674	-0.00260469	0.199883
4.51875	0.00461543	-0.00263223	0.199911
4.54375	0.00461543	-0.00263223	0.199911
4.56875	0.00467319	-0.00288158	0.199829
4.59375	0.00486115	-0.00277313	0.200104
4.61875	0.00486115	-0.00277313	0.200104
4.64375	0.00498572	-0.00282456	0.200131
4.66875	0.0050667	-0.00293121	0.2
4.69375	0.00484653	-0.00313175	0.199915
4.71875	0.00484653	-0.00313175	0.199915
4.74375	0.00495801	-0.00290261	0.199843
4.76875	0.00481998	-0.00309224	0.19993
4.79375	0.00479936	-0.00334051	0.199864
4.81875	0.00466515	-0.0032246	0.199848
4.84375	0.00461735	-0.00323533	0.199991
4.86875	0.00461735	-0.00323533	0.199991
4.89375	0.00486844	-0.00316755	0.200249
4.91875	0.00486844	-0.00316755	0.200249
4.94375	0.00496866	-0.00307366	0.20035
4.96875	0.00512758	-0.00309164	0.200128
4.99375	0.00500075	-0.00305539	0.200256
5.01875	0.00489895	-0.00315375	0.199795
5.04375	0.00482015	-0.00327522	0.199623
5.06875	0.00482015	-0.00327522	0.199623
5.09375	0.00475966	-0.00342718	0.199803
5.11875	0.00460445	-0.00350014	0.199752
5.14375	0.00463257	-0.00352672	0.200054
5.16875	0.00465154	-0.00338866	0.199972
5.19375	0.00475679	-0.00329423	0.199997
5.21875	0.00475679	-0.00329423	0.199997
5.24375	0.00476018	-0.00317781	0.20006
5.26875	0.00483104	-0.00321884	0.200016
5.29375	0.00493695	-0.0034938	0.199966
5.31875	0.00490078	-0.00358096	0.200179
5.34375	0.00490078	-0.00358096	0.200179
5.36875	0.00479381	-0.00372466	0.199907
5.39375	0.00467374	-0.0038052	0.199976
5.41875	0.00476351	-0.00368882	0.199813
5.44375	0.00487844	-0.00376724	0.200095
5.46875	0.00480563	-0.00357249	0.200002
5.49375	0.00480563	-0.00357249	0.200002
5.51875	0.00490996	-0.00361208	0.200013
5.54375	0.00500243	-0.00346832	0.19978
5.56875	0.0050494	-0.00351056	0.199838
5.59375	0.00505215	-0.00356553	0.199771
5.61875	0.00482644	-0.00349073	0.199866
5.64375	0.00470348	-0.00363188	0.199957
5.66875	0.00470348	-0.00363188	0.199957
5.69375	0.00458067	-0.00383511	0.200309
5.71875	0.00481213	-0.00382622	0.199955
5.74375	0.00489449	-0.00363769	0.199787
5.76875	0.00489449	-0.00363769	0.199787
5.79375	0.00485763	-0.00352143	0.200044
5.81875	0.00477362	-0.00346199	0.199758
5.84375	0.00477362	-0.00346199	0.199758
5.86875	0.00487671	-0.00346488	0.199601
5.89375	0.00506404	-0.00335701	0.199671
5.91875	0.00506404	-0.00335701	0.199671
5.94375	0.00487408	-0.00353204	0.200024
5.96875	0.00487408	-0.00353204	0.200024
5.99375	0.00479051	-0.00345353	0.199759
