1.01875	1.86265e-08	3.72529e-08	0.24425
1.04375	1.86265e-08	3.72529e-08	0.24425
1.06875	0.123975	0.0446694	0.236834
1.09375	0.129745	0.0414729	0.239855
1.11875	0.129745	0.0414729	0.239855
1.14375	0.112173	0.0378211	0.214826
1.16875	0.112173	0.0378211	0.214826
1.19375	0.0965699	0.0320609	0.19856
1.21875	0.0959857	0.0215028	0.198628
1.24375	0.0959857	0.0215028	0.198628
1.26875	0.0896746	-0.00434525	0.191402
1.29375	0.0859393	-0.015322	0.183343
1.31875	0.0818787	-0.0280089	0.177009
1.34375	0.0792409	-0.0436638	0.167172
1.36875	0.0746058	-0.0634273	0.154453
1.39375	0.0714602	-0.0869219	0.149017
1.41875	0.0719542	-0.104012	0.156609
1.44375	0.0769299	-0.107545	0.171879
1.46875	0.0769299	-0.107545	0.171879
1.49375	0.0782525	-0.0976415	0.191538
1.51875	0.0814815	-0.0790159	0.203295
1.54375	0.0946304	-0.0541636	0.203237
1.56875	0.101821	-0.0357292	0.202049
1.59375	0.101821	-0.0357292	0.202049
1.61875	0.102142	-0.0391316	0.213449
1.64375	0.122828	-0.045539	0.229574
1.66875	0.132788	-0.0499666	0.232341
1.69375	0.132788	-0.0499666	0.232341
1.71875	0.150517	-0.0522839	0.244671
1.74375	0.158772	-0.0571627	0.247658
1.76875	0.167082	-0.0664875	0.24949
1.79375	0.172711	-0.0747157	0.249782
1.81875	0.173014	-0.0786289	0.249836
1.84375	0.165092	-0.0763158	0.242001
1.86875	0.165092	-0.0763158	0.242001
1.89375	0.150956	-0.0725409	0.231498
1.91875	0.13168	-0.0728885	0.220187
1.94375	0.112065	-0.0717414	0.207094
1.96875	0.112065	-0.0717414	0.207094
1.99375	0.101806	-0.0742621	0.193126
2.01875	0.0955091	-0.0820176	0.183195
2.04375	0.0955091	-0.0820176	0.183195
2.06875	0.0907601	-0.0929086	0.179511
2.09375	0.0846348	-0.102093	0.178992
2.11875	0.0803376	-0.110862	0.180976
2.14375	0.0803376	-0.110862	0.180976
2.16875	0.0692674	-0.136701	0.191245
2.19375	0.0692674	-0.136701	0.191245
2.21875	0.0632847	-0.150046	0.195938
2.24375	0.0563022	-0.163745	0.192656
2.26875	0.0563022	-0.163745	0.192656
2.29375	0.0597722	-0.153047	0.201865
2.31875	0.0701415	-0.132624	0.202945
2.34375	0.0815073	-0.115459	0.199935
2.36875	0.0799176	-0.11973	0.208154
2.39375	0.086814	-0.122178	0.219483
2.41875	0.086814	-0.122178	0.219483
2.44375	0.0961924	-0.126708	0.226889
2.46875	0.0961924	-0.126708	0.226889
2.49375	0.105972	-0.132839	0.230783
2.51875	0.113388	-0.137671	0.235007
2.54375	0.114073	-0.140827	0.235912
2.56875	0.115433	-0.145411	0.237278
2.59375	0.115433	-0.145411	0.237278
2.61875	0.117058	-0.148083	0.237393
2.64375	0.0963769	-0.147902	0.219952
2.66875	0.0963769	-0.147902	0.219952
2.69375	0.0734557	-0.142458	0.199311
2.71875	0.0700165	-0.149911	0.199182
2.74375	0.0700165	-0.149911	0.199182
2.76875	0.0598262	-0.164356	0.190545
2.79375	0.0562933	-0.170629	0.186315
2.81875	0.0464666	-0.187361	0.175584
2.84375	0.0394951	-0.198962	0.167776
2.86875	0.031454	-0.215201	0.15906
2.89375	0.0218448	-0.241215	0.154098
2.91875	0.0218448	-0.241215	0.154098
2.94375	0.0167026	-0.271371	0.163854
2.96875	0.0216209	-0.266437	0.179152
2.99375	0.0216209	-0.266437	0.179152
3.01875	0.0353547	-0.228931	0.206748
3.04375	0.0353547	-0.228931	0.206748
3.06875	0.0677079	-0.17836	0.20269
3.09375	0.0677079	-0.17836	0.20269
3.11875	0.0724613	-0.170573	0.213617
3.14375	0.0745007	-0.172792	0.219945
3.16875	0.0816166	-0.177553	0.22728
3.19375	0.0907993	-0.182415	0.231355
3.21875	0.100146	-0.189676	0.233237
3.24375	0.113852	-0.202896	0.238218
3.26875	0.116843	-0.207764	0.239445
3.29375	0.116912	-0.210983	0.240059
3.31875	0.116912	-0.210983	0.240059
3.34375	0.119356	-0.217239	0.241046
3.36875	0.119356	-0.217239	0.241046
3.39375	0.11332	-0.218857	0.233874
3.41875	0.11332	-0.218857	0.233874
3.44375	0.100564	-0.214464	0.224343
3.46875	0.0835838	-0.207785	0.203797
3.49375	0.0835838	-0.207785	0.203797
3.51875	0.0762323	-0.215008	0.186023
3.54375	0.0703161	-0.225951	0.176585
3.56875	0.0630722	-0.238214	0.171844
3.59375	0.0630722	-0.238214	0.171844
3.61875	0.0409587	-0.270406	0.166013
3.64375	0.0303005	-0.288922	0.163678
3.66875	0.017265	-0.314013	0.158866
3.69375	0.0126561	-0.327708	0.16454
3.71875	0.0191271	-0.321258	0.186139
3.74375	0.0191271	-0.321258	0.186139
3.76875	0.0276818	-0.30563	0.202798
3.79375	0.0276818	-0.30563	0.202798
3.81875	0.0565494	-0.261173	0.204954
3.84375	0.0690002	-0.244037	0.206528
3.86875	0.069751	-0.245693	0.212518
3.89375	0.069751	-0.245693	0.212518
3.91875	0.085496	-0.257931	0.226008
3.94375	0.090574	-0.264197	0.230829
3.96875	0.0948709	-0.268991	0.235189
3.99375	0.0978665	-0.275465	0.23951
4.01875	0.100987	-0.281208	0.242294
4.04375	0.102653	-0.284793	0.243256
4.06875	0.100732	-0.286719	0.242794
4.09375	0.100732	-0.286719	0.242794
4.11875	0.102489	-0.291328	0.243428
4.14375	0.102489	-0.291328	0.243428
4.16875	0.085388	-0.295668	0.223239
4.19375	0.0712071	-0.291869	0.214665
4.21875	0.0574369	-0.286123	0.203013
4.24375	0.0533234	-0.290943	0.199648
4.26875	0.0478671	-0.297897	0.199492
4.29375	0.0374705	-0.311157	0.190468
4.31875	0.0339026	-0.316941	0.184823
4.34375	0.0298211	-0.324098	0.181136
4.36875	0.0243481	-0.332954	0.176101
4.39375	0.0243481	-0.332954	0.176101
4.41875	0.0170511	-0.345162	0.175213
4.44375	0.00879895	-0.363883	0.177706
4.46875	0.00879895	-0.363883	0.177706
4.49375	-0.00190142	-0.384308	0.176113
4.51875	-0.00777117	-0.395326	0.173186
4.54375	-0.00777117	-0.395326	0.173186
4.56875	-0.0013279	-0.380506	0.186828
4.59375	0.0121399	-0.356307	0.198795
4.61875	0.0121399	-0.356307	0.198795
4.64375	0.0309984	-0.327425	0.194841
4.66875	0.0333442	-0.334004	0.207839
4.69375	0.0399131	-0.338727	0.218224
4.71875	0.0399131	-0.338727	0.218224
4.74375	0.057486	-0.34678	0.23081
4.76875	0.063637	-0.353672	0.233849
4.79375	0.063637	-0.353672	0.233849
4.81875	0.0651509	-0.35793	0.236449
4.84375	0.0653831	-0.360819	0.237771
4.86875	0.0653831	-0.360819	0.237771
4.89375	0.0662641	-0.366387	0.239266
4.91875	0.0611592	-0.369362	0.232838
4.94375	0.0433696	-0.370871	0.217739
4.96875	0.0292426	-0.364478	0.209337
4.99375	0.0221211	-0.36217	0.199057
5.01875	0.0188758	-0.367921	0.199931
5.04375	0.0145335	-0.374387	0.194889
5.06875	0.00685064	-0.382312	0.185979
5.09375	0.00366654	-0.387143	0.182486
5.11875	0.000126593	-0.392654	0.176909
5.14375	-0.0058638	-0.400166	0.174463
5.16875	-0.0058638	-0.400166	0.174463
5.19375	-0.0216279	-0.428102	0.182554
5.21875	-0.0349922	-0.448097	0.176932
5.24375	-0.0415364	-0.464001	0.19493
5.26875	-0.0345687	-0.451632	0.205486
5.29375	-0.0204451	-0.434492	0.206079
5.31875	-0.00568227	-0.416181	0.203936
5.34375	0.0021283	-0.406708	0.200711
5.36875	0.00123927	-0.407799	0.204397
5.39375	0.00476786	-0.411485	0.212677
5.41875	0.00476786	-0.411485	0.212677
5.44375	0.0213901	-0.42295	0.226679
5.46875	0.0278993	-0.428454	0.229162
5.49375	0.030267	-0.431325	0.231582
5.51875	0.0322548	-0.434388	0.233574
5.54375	0.0322548	-0.434388	0.233574
5.56875	0.0331525	-0.437035	0.234524
5.59375	0.0331525	-0.437035	0.234524
5.61875	0.0331148	-0.441658	0.235999
5.64375	0.0350504	-0.447797	0.23714
5.66875	0.0350504	-0.447797	0.23714
5.69375	0.0293963	-0.449338	0.231163
5.71875	0.0293963	-0.449338	0.231163
5.74375	0.015048	-0.44728	0.213387
5.76875	0.000563309	-0.449797	0.195127
5.79375	0.000563309	-0.449797	0.195127
5.81875	-0.00836848	-0.459487	0.183401
5.84375	-0.00836848	-0.459487	0.183401
5.86875	-0.0175411	-0.470875	0.176756
5.89375	-0.0281446	-0.480789	0.174959
5.91875	-0.0281446	-0.480789	0.174959
5.94375	-0.0368343	-0.492799	0.178034
5.96875	-0.0461895	-0.50829	0.181859
5.99375	-0.056779	-0.524031	0.183723
