1.01875	1.86265e-08	3.72529e-08	0.24425
1.04375	1.86265e-08	3.72529e-08	0.24425
1.06875	-0.00841977	-0.035067	0.167374
1.09375	0.0158667	-0.0327233	0.189528
1.11875	0.0160968	-0.0323663	0.193655
1.14375	0.0153802	-0.0316638	0.196602
1.16875	0.0149465	-0.0305695	0.200688
1.19375	0.0142329	-0.0285665	0.20794
1.21875	0.0142329	-0.0285665	0.20794
1.24375	0.0138961	-0.0254222	0.221339
1.26875	0.0130707	-0.0239162	0.235348
1.29375	0.0122619	-0.0224703	0.239981
1.31875	0.0115206	-0.0219785	0.24149
1.34375	0.0101256	-0.0213844	0.243865
1.36875	0.00954871	-0.0201099	0.245355
1.39375	0.0107474	-0.0179762	0.249959
1.41875	0.0107474	-0.0179762	0.249959
1.44375	0.0252916	-0.0122341	0.245375
1.46875	0.0287583	-0.00829638	0.229936
1.49375	0.0293716	-0.0212573	0.219304
1.51875	0.0272402	-0.0379975	0.205853
1.54375	0.0272402	-0.0379975	0.205853
1.56875	0.0269259	-0.0332135	0.183333
1.59375	0.0269259	-0.0332135	0.183333
1.61875	0.0257465	-0.034806	0.163047
1.64375	0.0257465	-0.034806	0.163047
1.66875	0.0238634	-0.0361714	0.153163
1.69375	0.0225316	-0.0370713	0.145581
1.71875	0.020551	-0.036581	0.140961
1.74375	0.0172777	-0.0360585	0.139819
1.76875	0.0136601	-0.0359453	0.140334
1.79375	0.00941679	-0.0347407	0.143741
1.81875	0.00941679	-0.0347407	0.143741
1.84375	0.00941679	-0.0347407	0.143741
1.86875	0.0112543	-0.0333767	0.157617
1.89375	0.0112543	-0.0333767	0.157617
1.91875	0.0267815	-0.027766	0.190116
1.94375	0.0268319	-0.0255734	0.196058
1.96875	0.0259127	-0.0230848	0.205167
1.99375	0.0247212	-0.0197204	0.218126
2.01875	0.0235707	-0.0168254	0.234894
2.04375	0.0235707	-0.0168254	0.234894
2.06875	0.0201245	-0.00956795	0.243574
2.09375	0.0201305	-0.00811732	0.245054
2.11875	0.0201305	-0.00811732	0.245054
2.14375	0.019208	-0.00153627	0.248721
2.16875	0.019208	-0.00153627	0.248721
2.19375	0.0354894	0.0154576	0.23697
2.21875	0.0354894	0.0154576	0.23697
2.24375	0.0377819	0.00317296	0.223612
2.26875	0.0386073	-0.0132209	0.213301
2.29375	0.038826	-0.0203508	0.200957
2.31875	0.038826	-0.0203508	0.200957
2.34375	0.0386386	-0.0246675	0.185378
2.36875	0.0386386	-0.0246675	0.185378
2.39375	0.0385431	-0.0257213	0.170689
2.41875	0.0378833	-0.0271241	0.154247
2.44375	0.0372325	-0.0280015	0.144649
2.46875	0.0361846	-0.0283636	0.141254
2.49375	0.0361846	-0.0283636	0.141254
2.51875	0.0353116	-0.0281019	0.139695
2.54375	0.0353116	-0.0281019	0.139695
2.56875	0.0344231	-0.0247835	0.152473
2.59375	0.0385298	-0.0251216	0.169258
2.61875	0.0385298	-0.0251216	0.169258
2.64375	0.041724	-0.0210479	0.193029
2.66875	0.04143	-0.0209667	0.195873
2.69375	0.0418225	-0.0205728	0.197084
2.71875	0.0421953	-0.0181461	0.199454
2.74375	0.0416011	-0.0149326	0.211138
2.76875	0.0417101	-0.0129007	0.229204
2.79375	0.0412334	-0.0111496	0.238546
2.81875	0.0404526	-0.00926208	0.24043
2.84375	0.0404526	-0.00926208	0.24043
2.86875	0.038291	-0.00760392	0.243253
2.89375	0.0380091	-0.00640853	0.244902
2.91875	0.0380091	-0.00640853	0.244902
2.94375	0.0406714	-0.00217884	0.254463
2.96875	0.0471125	0.00257607	0.228111
2.99375	0.0471125	0.00257607	0.228111
3.01875	0.0507054	-0.0228437	0.208826
3.04375	0.0507054	-0.0228437	0.208826
3.06875	0.0515946	-0.0225101	0.20105
3.09375	0.0515946	-0.0225101	0.20105
3.11875	0.0514294	-0.0271812	0.168501
3.14375	0.0509994	-0.0292126	0.149764
3.16875	0.0509994	-0.0292126	0.149764
3.19375	0.0509994	-0.0292126	0.149764
3.21875	0.0509994	-0.0292126	0.149764
3.24375	0.0498236	-0.0301737	0.14019
3.26875	0.0498236	-0.0301737	0.14019
3.29375	0.0482711	-0.0296712	0.141572
3.31875	0.0482711	-0.0296712	0.141572
3.34375	0.0469295	-0.0283546	0.147278
3.36875	0.0477219	-0.0261812	0.157717
3.39375	0.0477219	-0.0261812	0.157717
3.41875	0.0501827	-0.0233049	0.182125
3.44375	0.0520156	-0.0200063	0.193438
3.46875	0.0520156	-0.0200063	0.193438
3.49375	0.051834	-0.0170546	0.203006
3.51875	0.051834	-0.0170546	0.203006
3.54375	0.0508235	-0.0120545	0.221682
3.56875	0.0501244	-0.00779508	0.236678
3.59375	0.0484347	-0.00316116	0.24179
3.61875	0.0484347	-0.00316116	0.24179
3.64375	0.0481226	0.00122491	0.24402
3.66875	0.0483646	0.00423663	0.245981
3.69375	0.0550397	0.00569832	0.245633
3.71875	0.0550397	0.00569832	0.245633
3.74375	0.0574342	-0.0184582	0.216105
3.76875	0.0553814	-0.0239988	0.209949
3.79375	0.0564072	-0.0188503	0.203712
3.81875	0.0564072	-0.0188503	0.203712
3.84375	0.0556744	-0.0190799	0.200017
3.86875	0.0544202	-0.0204253	0.184766
3.89375	0.0544202	-0.0204253	0.184766
3.91875	0.0526267	-0.0215051	0.160639
3.94375	0.0508374	-0.0227616	0.148963
3.96875	0.0486194	-0.0224454	0.143487
3.99375	0.0456273	-0.0218738	0.140529
4.01875	0.0418339	-0.0209754	0.138015
4.04375	0.0418339	-0.0209754	0.138015
4.06875	0.0375636	-0.0186388	0.14201
4.09375	0.0392094	-0.0179459	0.155624
4.11875	0.0509502	-0.0171086	0.171995
4.14375	0.0568323	-0.0150792	0.186714
4.16875	0.0568323	-0.0150792	0.186714
4.19375	0.0581787	-0.0129138	0.19301
4.21875	0.0581787	-0.0129138	0.19301
4.24375	0.060836	-0.010058	0.201478
4.26875	0.063289	-0.00507917	0.216983
4.29375	0.063289	-0.00507917	0.216983
4.31875	0.0636773	0.00182367	0.240529
4.34375	0.0636773	0.00182367	0.240529
4.36875	0.0623061	0.00638323	0.244069
4.39375	0.0623061	0.00638323	0.244069
4.41875	0.0623061	0.00638323	0.244069
4.44375	0.062878	0.00972345	0.247542
4.46875	0.0772032	0.0194729	0.251059
4.49375	0.0956899	0.00945972	0.241194
4.51875	0.0956899	0.00945972	0.241194
4.54375	0.111279	-0.0346858	0.204554
4.56875	0.112277	-0.0332091	0.20347
4.59375	0.110605	-0.0344176	0.188422
4.61875	0.108344	-0.0354592	0.1702
4.64375	0.108344	-0.0354592	0.1702
4.66875	0.106767	-0.035116	0.157674
4.69375	0.105221	-0.0334296	0.148216
4.71875	0.103908	-0.0325889	0.143259
4.74375	0.101714	-0.0311006	0.14018
4.76875	0.0958274	-0.0270109	0.138235
4.79375	0.0958274	-0.0270109	0.138235
4.81875	0.088633	-0.0231333	0.15199
4.84375	0.088633	-0.0231333	0.15199
4.86875	0.106509	-0.0243579	0.182849
4.89375	0.106509	-0.0243579	0.182849
4.91875	0.109313	-0.0233464	0.194974
4.94375	0.109312	-0.0230908	0.197497
4.96875	0.109195	-0.0213856	0.200406
4.99375	0.109195	-0.0213856	0.200406
5.01875	0.109169	-0.018598	0.210274
5.04375	0.108711	-0.0155118	0.224986
5.06875	0.105909	-0.0131302	0.23587
5.09375	0.103175	-0.0122084	0.238442
5.11875	0.100428	-0.0121547	0.238715
5.14375	0.0974807	-0.0124039	0.240691
5.16875	0.0965806	-0.0120986	0.243816
5.19375	0.0965806	-0.0120986	0.243816
5.21875	0.10121	-0.0147873	0.251461
5.24375	0.100196	-0.0131626	0.22412
5.26875	0.0982045	-0.0115435	0.214706
5.29375	0.0997211	-0.0115486	0.209064
5.31875	0.104316	-0.00767412	0.202069
5.34375	0.104316	-0.00767412	0.202069
5.36875	0.106105	-0.00858416	0.188798
5.39375	0.106934	-0.00825334	0.175332
5.41875	0.105714	-0.00930414	0.16076
5.44375	0.105058	-0.0102045	0.150017
5.46875	0.10462	-0.010521	0.143464
5.49375	0.10462	-0.010521	0.143464
5.51875	0.10501	-0.0113511	0.140097
5.54375	0.10501	-0.0113511	0.140097
5.56875	0.106525	-0.0128027	0.140265
5.59375	0.109151	-0.0130163	0.147925
5.61875	0.109151	-0.0130163	0.147925
5.64375	0.107061	-0.00696088	0.163946
5.66875	0.105396	-0.00439204	0.182894
5.69375	0.105396	-0.00439204	0.182894
5.71875	0.104544	-0.00259524	0.193976
5.74375	0.104814	-0.00171981	0.198156
5.76875	0.104814	-0.00171981	0.198156
5.79375	0.104444	-0.000718086	0.206653
5.81875	0.10393	0.000669963	0.221748
5.84375	0.103398	0.00204002	0.233676
5.86875	0.103398	0.00204002	0.233676
5.89375	0.103116	0.00293345	0.237114
5.91875	0.102923	0.00308582	0.239047
5.94375	0.102923	0.00308582	0.239047
5.96875	0.103646	0.00324364	0.242274
5.99375	0.103646	0.00324364	0.242274
