1.01875	1.86265e-08	3.72529e-08	0.24425
1.04375	-0.27071	-0.0256258	0.147817
1.06875	-0.27071	-0.0256258	0.147817
1.09375	-0.264378	-0.029397	0.163977
1.11875	-0.255962	-0.021678	0.179652
1.14375	-0.246551	-0.0147287	0.190101
1.16875	-0.242254	-0.00954068	0.196954
1.19375	-0.242254	-0.00954068	0.196954
1.21875	-0.243243	-0.00544365	0.203944
1.24375	-0.244096	-0.00377369	0.217232
1.26875	-0.24219	-0.000512496	0.23549
1.29375	-0.24219	-0.000512496	0.23549
1.31875	-0.229647	0.00535523	0.231566
1.34375	-0.229647	0.00535523	0.231566
1.36875	-0.220279	0.00648523	0.23224
1.39375	-0.20963	0.00608587	0.231651
1.41875	-0.20963	0.00608587	0.231651
1.44375	-0.199276	0.00313133	0.231069
1.46875	-0.195619	-0.00387991	0.229287
1.49375	-0.195619	-0.00387991	0.229287
1.51875	-0.202874	-0.00477277	0.239809
1.54375	-0.215436	-0.0115542	0.249311
1.56875	-0.23635	-0.019715	0.256464
1.59375	-0.23635	-0.019715	0.256464
1.61875	-0.268054	-0.0348796	0.258528
1.64375	-0.268054	-0.0348796	0.258528
1.66875	-0.31046	-0.0637702	0.26005
1.69375	-0.357033	-0.098463	0.244991
1.71875	-0.357033	-0.098463	0.244991
1.74375	-0.404092	-0.134318	0.208106
1.76875	-0.404092	-0.134318	0.208106
1.79375	-0.44126	-0.177245	0.156057
1.81875	-0.44126	-0.177245	0.156057
1.84375	-0.473678	-0.212261	0.137151
1.86875	-0.491865	-0.237329	0.141179
1.89375	-0.491865	-0.237329	0.141179
1.91875	-0.493191	-0.231015	0.166205
1.94375	-0.495441	-0.226955	0.190081
1.96875	-0.495441	-0.226955	0.190081
1.99375	-0.499914	-0.227172	0.20638
2.01875	-0.500341	-0.223798	0.2251
2.04375	-0.500341	-0.223798	0.2251
2.06875	-0.497461	-0.21794	0.234169
2.09375	-0.48831	-0.202642	0.229458
2.11875	-0.48831	-0.202642	0.229458
2.14375	-0.481024	-0.195928	0.228669
2.16875	-0.481024	-0.195928	0.228669
2.19375	-0.47268	-0.19059	0.229463
2.21875	-0.462357	-0.184134	0.233785
2.24375	-0.462357	-0.184134	0.233785
2.26875	-0.457057	-0.184669	0.238486
2.29375	-0.456663	-0.19343	0.242382
2.31875	-0.483791	-0.220371	0.249816
2.34375	-0.510124	-0.249621	0.251181
2.36875	-0.510124	-0.249621	0.251181
2.39375	-0.580978	-0.337516	0.224294
2.41875	-0.580978	-0.337516	0.224294
2.44375	-0.663104	-0.416984	0.128823
2.46875	-0.677561	-0.443104	0.13133
2.49375	-0.677561	-0.443104	0.13133
2.51875	-0.684165	-0.456012	0.139268
2.54375	-0.681968	-0.45277	0.139535
2.56875	-0.663278	-0.450836	0.15589
2.59375	-0.663278	-0.450836	0.15589
2.61875	-0.662614	-0.428887	0.181565
2.64375	-0.659211	-0.421174	0.18766
2.66875	-0.659211	-0.421174	0.18766
2.69375	-0.663244	-0.410726	0.201679
2.71875	-0.663578	-0.406422	0.206308
2.74375	-0.663578	-0.406422	0.206308
2.76875	-0.663769	-0.404844	0.229078
2.79375	-0.66099	-0.402963	0.228117
2.81875	-0.66099	-0.402963	0.228117
2.84375	-0.648744	-0.397738	0.225646
2.86875	-0.642202	-0.393912	0.22615
2.89375	-0.633626	-0.390106	0.227431
2.91875	-0.622714	-0.387195	0.230008
2.94375	-0.608259	-0.384079	0.231617
2.96875	-0.597537	-0.386012	0.229696
2.99375	-0.594869	-0.391486	0.236747
3.01875	-0.599297	-0.395074	0.24831
3.04375	-0.608009	-0.407461	0.259444
3.06875	-0.608009	-0.407461	0.259444
3.09375	-0.623321	-0.426585	0.266355
3.11875	-0.646889	-0.453503	0.27018
3.14375	-0.646889	-0.453503	0.27018
3.16875	-0.677142	-0.490279	0.263482
3.19375	-0.708368	-0.531215	0.238913
3.21875	-0.708368	-0.531215	0.238913
3.24375	-0.751826	-0.553629	0.210502
3.26875	-0.803786	-0.565118	0.168335
3.29375	-0.859867	-0.570319	0.124994
3.31875	-0.859867	-0.570319	0.124994
3.34375	-0.869773	-0.600579	0.136646
3.36875	-0.869773	-0.600579	0.136646
3.39375	-0.873787	-0.627883	0.155407
3.41875	-0.878139	-0.629757	0.178887
3.44375	-0.878139	-0.629757	0.178887
3.46875	-0.881376	-0.630298	0.189082
3.49375	-0.887975	-0.638079	0.195729
3.51875	-0.887975	-0.638079	0.195729
3.54375	-0.893172	-0.645827	0.207863
3.56875	-0.895732	-0.651632	0.22635
3.59375	-0.897478	-0.658091	0.233855
3.61875	-0.895487	-0.66161	0.233716
3.64375	-0.895487	-0.66161	0.233716
3.66875	-0.895487	-0.66161	0.233716
3.69375	-0.895487	-0.66161	0.233716
3.71875	-0.87857	-0.656267	0.236234
3.74375	-0.87857	-0.656267	0.236234
3.76875	-0.870504	-0.651664	0.234315
3.79375	-0.871257	-0.655309	0.235166
3.81875	-0.881059	-0.667828	0.236963
3.84375	-0.901257	-0.685403	0.236569
3.86875	-0.901257	-0.685403	0.236569
3.89375	-0.93253	-0.708102	0.2343
3.91875	-0.976318	-0.740562	0.225669
3.94375	-1.02864	-0.778542	0.202151
3.96875	-1.02864	-0.778542	0.202151
3.99375	-1.08267	-0.802553	0.166318
4.01875	-1.08267	-0.802553	0.166318
4.04375	-1.13891	-0.809749	0.126415
4.06875	-1.14241	-0.818303	0.132167
4.09375	-1.12793	-0.826832	0.151173
4.11875	-1.12793	-0.826832	0.151173
4.14375	-1.12441	-0.819786	0.173064
4.16875	-1.12441	-0.819786	0.173064
4.19375	-1.12223	-0.810681	0.182431
4.21875	-1.12223	-0.810681	0.182431
4.24375	-1.12686	-0.808072	0.186854
4.26875	-1.12686	-0.808072	0.186854
4.29375	-1.12813	-0.806577	0.198498
4.31875	-1.13146	-0.80744	0.218349
4.34375	-1.13213	-0.805663	0.231822
4.36875	-1.13083	-0.802582	0.232807
4.39375	-1.12638	-0.797286	0.230756
4.41875	-1.12638	-0.797286	0.230756
4.44375	-1.11355	-0.78608	0.231853
4.46875	-1.11355	-0.78608	0.231853
4.49375	-1.10667	-0.781348	0.234581
4.51875	-1.10935	-0.786135	0.241186
4.54375	-1.10935	-0.786135	0.241186
4.56875	-1.10935	-0.786135	0.241186
4.59375	-1.11898	-0.798803	0.243275
4.61875	-1.1379	-0.819414	0.238159
4.64375	-1.17136	-0.844114	0.230775
4.66875	-1.17136	-0.844114	0.230775
4.69375	-1.17136	-0.844114	0.230775
4.71875	-1.17136	-0.844114	0.230775
4.74375	-1.30216	-0.936089	0.128908
4.76875	-1.31655	-0.94917	0.132294
4.79375	-1.31516	-0.952808	0.13919
4.81875	-1.30737	-0.954209	0.1477
4.84375	-1.29757	-0.9533	0.157882
4.86875	-1.29422	-0.941928	0.170843
4.89375	-1.29422	-0.941928	0.170843
4.91875	-1.2902	-0.930342	0.181758
4.94375	-1.28695	-0.924081	0.18925
4.96875	-1.28692	-0.922263	0.192633
4.99375	-1.28692	-0.922263	0.192633
5.01875	-1.28598	-0.920761	0.202189
5.04375	-1.28434	-0.919529	0.216564
5.06875	-1.28434	-0.919529	0.216564
5.09375	-1.28264	-0.919388	0.229391
5.11875	-1.27884	-0.917344	0.229652
5.14375	-1.27192	-0.914131	0.226289
5.16875	-1.27192	-0.914131	0.226289
5.19375	-1.26383	-0.911108	0.225375
5.21875	-1.26383	-0.911108	0.225375
5.24375	-1.2583	-0.905247	0.230747
5.26875	-1.2583	-0.905247	0.230747
5.29375	-1.26551	-0.898058	0.239028
5.31875	-1.28274	-0.896795	0.246663
5.34375	-1.28274	-0.896795	0.246663
5.36875	-1.31043	-0.905268	0.25191
5.39375	-1.35123	-0.924197	0.249476
5.41875	-1.39524	-0.94705	0.228411
5.44375	-1.39524	-0.94705	0.228411
5.46875	-1.43828	-0.971042	0.18461
5.49375	-1.43828	-0.971042	0.18461
5.51875	-1.46729	-1.01058	0.137062
5.54375	-1.46729	-1.01058	0.137062
5.56875	-1.4936	-1.02182	0.133806
5.59375	-1.50987	-1.03942	0.14335
5.61875	-1.50987	-1.03942	0.14335
5.64375	-1.50819	-1.04253	0.16169
5.66875	-1.50819	-1.04253	0.16169
5.69375	-1.50819	-1.04253	0.16169
5.71875	-1.50149	-1.03424	0.175032
5.74375	-1.49025	-1.01972	0.189763
5.76875	-1.49025	-1.01947	0.194146
5.79375	-1.49005	-1.01939	0.207372
5.81875	-1.48926	-1.0192	0.226168
5.84375	-1.48722	-1.01802	0.232523
5.86875	-1.48722	-1.01802	0.232523
5.89375	-1.4772	-1.00947	0.227916
5.91875	-1.46792	-1.00537	0.226009
5.94375	-1.45779	-1.00266	0.227339
5.96875	-1.44544	-1.0004	0.231699
5.99375	-1.44544	-1.0004	0.231699
