1.01875	1.86265e-08	3.72529e-08	0.24425
1.04375	1.86265e-08	3.72529e-08	0.24425
1.06875	0.000713944	-0.000649128	0.199822
1.09375	0.000713944	-0.000649128	0.199822
1.11875	0.000858884	-0.000739243	0.20009
1.14375	0.000852965	-0.000703026	0.200537
1.16875	0.000852965	-0.000703026	0.200537
1.19375	0.000869226	-0.000674654	0.20044
1.21875	0.000902127	-0.00032891	0.200292
1.24375	0.000742666	-0.000383567	0.200223
1.26875	0.000792906	-0.000447903	0.199998
1.29375	0.000669923	-0.000486847	0.200109
1.31875	0.000707012	-0.000488974	0.200187
1.34375	0.000707012	-0.000488974	0.200187
1.36875	0.00041556	-0.000487171	0.200194
1.39375	0.00041556	-0.000487171	0.200194
1.41875	0.000422638	-0.000582837	0.200031
1.44375	0.000356294	-0.000532817	0.200091
1.46875	0.000251152	-0.000512153	0.199943
1.49375	0.000381924	-0.000500787	0.199844
1.51875	0.000498712	-0.000477601	0.199612
1.54375	0.000498712	-0.000477601	0.199612
1.56875	0.000192329	-0.000460036	0.199796
1.59375	0.000131354	-0.000297587	0.199685
1.61875	0.000273548	-0.000167068	0.19992
1.64375	0.00018033	-0.000436421	0.200157
1.66875	0.00018033	-0.000436421	0.200157
1.69375	0.000224791	-9.34973e-05	0.200021
1.71875	0.000224791	-9.34973e-05	0.200021
1.74375	0.000234328	-0.000359874	0.200046
1.76875	0.000249397	-0.000224136	0.199893
1.79375	-1.02445e-05	-0.00023644	0.199926
1.81875	-1.02445e-05	-0.00023644	0.199926
1.84375	0.000142142	-0.000273522	0.20041
1.86875	-7.76537e-05	-0.000214327	0.20042
1.89375	-7.36304e-05	-0.000134587	0.200272
1.91875	-7.36304e-05	-0.000134587	0.200272
1.94375	-6.08973e-05	-5.48959e-05	0.20005
1.96875	-6.08973e-05	-5.48959e-05	0.20005
1.99375	-0.000340648	-0.000446901	0.20027
2.01875	-0.000345655	-0.000325307	0.200013
2.04375	-0.000391252	-0.000639066	0.200337
2.06875	-0.000421271	-0.000747543	0.199934
2.09375	-0.000483662	-0.000787336	0.200229
2.11875	-0.000432044	-0.000829935	0.200065
2.14375	-0.00017298	-0.00105016	0.200348
2.16875	-9.12212e-05	-0.00108566	0.200072
2.19375	-5.25042e-05	-0.00107977	0.20002
2.21875	-5.25042e-05	-0.00107977	0.20002
2.24375	-2.0057e-05	-0.000940159	0.199679
2.26875	7.70763e-06	-0.00107954	0.199853
2.29375	3.18699e-05	-0.000938553	0.199765
2.31875	0.00012257	-0.000940129	0.199824
2.34375	0.00012257	-0.000940129	0.199824
2.36875	0.000154786	-0.000981223	0.199641
2.39375	-7.34143e-05	-0.000770044	0.200172
2.41875	-0.000332326	-0.000906762	0.200104
2.44375	-0.000225961	-0.000672046	0.200006
2.46875	-0.000214398	-0.00054086	0.200113
2.49375	-6.83218e-06	-0.000566393	0.199865
2.51875	-6.63586e-05	-0.000600763	0.200138
2.54375	-6.63586e-05	-0.000600763	0.200138
2.56875	-0.000234548	-0.000719015	0.199999
2.59375	-0.000234548	-0.000719015	0.199999
2.61875	-0.000161797	-0.000962198	0.200143
2.64375	-0.000246834	-0.00117606	0.200187
2.66875	-0.000320408	-0.00123473	0.200113
2.69375	-0.000320408	-0.00123473	0.200113
2.71875	-0.000327595	-0.00127423	0.20014
2.74375	-0.000327595	-0.00127423	0.20014
2.76875	-0.000536654	-0.00132312	0.200242
2.79375	-0.000552341	-0.000782821	0.199935
2.81875	-0.000657424	-0.000934176	0.199772
2.84375	-0.000703759	-0.000791591	0.199704
2.86875	-0.000804298	-0.000690058	0.199873
2.89375	-0.000848226	-0.000597518	0.199829
2.91875	-0.000798922	-0.000438243	0.199893
2.94375	-0.00064395	-0.000279948	0.199928
2.96875	-0.000713538	-0.000202611	0.199515
2.99375	-0.000772715	-0.000493724	0.19982
3.01875	-0.000772715	-0.000493724	0.19982
3.04375	-0.000850476	-0.000562191	0.199802
3.06875	-0.000642393	-0.000484426	0.199515
3.09375	-0.00077543	-0.000351448	0.199737
3.11875	-0.000754807	-0.000387412	0.199702
3.14375	-0.000675462	-0.000388678	0.200061
3.16875	-0.000675462	-0.000388678	0.200061
3.19375	-0.000609607	-0.00049353	0.199882
3.21875	-0.000741102	-0.000592645	0.199958
3.24375	-0.000741102	-0.000592645	0.199958
3.26875	-0.000500802	-0.000404961	0.200044
3.29375	-0.000315282	-0.000304233	0.199985
3.31875	-0.000539273	-0.000589255	0.20035
3.34375	-0.000745744	-0.000383198	0.200152
3.36875	-0.000557948	-0.000411432	0.199887
3.39375	-0.000850856	-0.000553563	0.200187
3.41875	-0.000850856	-0.000553563	0.200187
3.44375	-0.000720926	-0.000532813	0.20058
3.46875	-0.000487663	-0.000517894	0.200299
3.49375	-0.000610873	-0.000555575	0.200361
3.51875	-0.000510339	-0.000654329	0.200034
3.54375	-0.00053582	-0.000857614	0.200185
3.56875	-0.000501148	-0.000785887	0.199958
3.59375	-0.000537723	-0.000779811	0.199984
3.61875	-0.000712328	-0.000890132	0.200316
3.64375	-0.000476412	-0.000817984	0.199755
3.66875	-0.000317972	-0.000766709	0.199779
3.69375	-0.000317972	-0.000766709	0.199779
3.71875	-0.000254549	-0.000561155	0.199577
3.74375	-0.000253715	-0.000331096	0.200203
3.76875	-0.000308264	-0.000327498	0.200045
3.79375	-0.000416189	-0.000407107	0.200316
3.81875	-0.000543006	-0.00051583	0.200178
3.84375	-0.000564113	-0.000515971	0.200277
3.86875	-0.000351183	-0.000559811	0.200186
3.89375	-0.000474669	-0.000499133	0.20043
3.91875	-0.000450537	-0.000176404	0.200116
3.94375	-0.000450537	-0.000176404	0.200116
3.96875	-0.000458036	-0.000535298	0.200014
3.99375	-0.000340182	-0.000422731	0.200089
4.01875	-0.000340182	-0.000422731	0.200089
4.04375	-0.000456758	-0.00063381	0.199751
4.06875	-0.000208005	-0.0008444	0.200354
4.09375	-0.000323854	-0.000754256	0.200258
4.11875	-0.000323854	-0.000754256	0.200258
4.14375	6.21565e-05	-0.00094356	0.200156
4.16875	6.21565e-05	-0.00094356	0.200156
4.19375	-3.84152e-05	-0.00113816	0.200322
4.21875	-3.84152e-05	-0.00113816	0.200322
4.24375	-5.57005e-05	-0.00128499	0.200303
4.26875	-5.57005e-05	-0.00128499	0.200303
4.29375	5.90347e-05	-0.00120602	0.199955
4.31875	5.90347e-05	-0.00120602	0.199955
4.34375	7.38129e-05	-0.00126781	0.199812
4.36875	0.000168931	-0.00127925	0.199966
4.39375	0.000168931	-0.00127925	0.199966
4.41875	0.000228606	-0.00152257	0.200188
4.44375	0.000342052	-0.00153749	0.199972
4.46875	0.000254657	-0.00166778	0.199802
4.49375	0.000272941	-0.00173436	0.199928
4.51875	0.000272941	-0.00173436	0.199928
4.54375	0.000230294	-0.00171258	0.199898
4.56875	0.000114396	-0.00186476	0.199792
4.59375	-6.88024e-05	-0.00178319	0.19987
4.61875	0.000140782	-0.00161592	0.199751
4.64375	0.000135601	-0.00167789	0.199812
4.66875	0.000267688	-0.00176061	0.199925
4.69375	0.000242494	-0.00205614	0.199892
4.71875	0.000245385	-0.00220875	0.199939
4.74375	0.000272606	-0.00210375	0.199994
4.76875	0.000355326	-0.00197737	0.199984
4.79375	0.000242829	-0.00213431	0.200077
4.81875	0.000354338	-0.00211392	0.199999
4.84375	0.000331655	-0.00202721	0.200042
4.86875	0.000331655	-0.00202721	0.200042
4.89375	0.000321589	-0.0021345	0.200119
4.91875	0.000410214	-0.0019898	0.199988
4.94375	0.000604395	-0.00183889	0.199977
4.96875	0.000354588	-0.00187446	0.200205
4.99375	0.00023403	-0.00180847	0.200001
5.01875	6.5431e-05	-0.0019672	0.200357
5.04375	0.000277448	-0.001959	0.200172
5.06875	0.000513658	-0.00192959	0.200152
5.09375	0.000513658	-0.00192959	0.200152
5.11875	0.000264302	-0.00180811	0.200042
5.14375	0.00024759	-0.00181595	0.200332
5.16875	0.000468466	-0.0016912	0.20018
5.19375	0.000440061	-0.00170829	0.200198
5.21875	0.000426393	-0.00187044	0.200232
5.24375	0.000307292	-0.00190634	0.200183
5.26875	0.000406373	-0.00191036	0.200113
5.29375	0.000453532	-0.00181424	0.199917
5.31875	0.000406217	-0.00171468	0.200076
5.34375	0.000406217	-0.00171468	0.200076
5.36875	0.000562102	-0.00156751	0.199732
5.39375	0.000562102	-0.00156751	0.199732
5.41875	0.000422165	-0.00140965	0.19981
5.44375	0.000533462	-0.001451	0.199633
5.46875	0.000617858	-0.00144304	0.199674
5.49375	0.000617858	-0.00144304	0.199674
5.51875	0.000586133	-0.00119517	0.199914
5.54375	0.000586133	-0.00119517	0.199914
5.56875	0.00068783	-0.00127093	0.199883
5.59375	0.000612054	-0.00147637	0.200067
5.61875	0.000612054	-0.00147637	0.200067
5.64375	0.000803523	-0.00137839	0.200044
5.66875	0.000803523	-0.00137839	0.200044
5.69375	0.000803523	-0.00137839	0.200044
5.71875	0.00114695	-0.00150809	0.200428
5.74375	0.000978082	-0.00164068	0.200301
5.76875	0.000978082	-0.00164068	0.200301
5.79375	0.000720888	-0.00150527	0.199914
5.81875	0.000696234	-0.00166809	0.199911
5.84375	0.000696234	-0.00166809	0.199911
5.86875	0.00076206	-0.00172683	0.200091
5.89375	0.000797834	-0.00171654	0.199953
5.91875	0.000797834	-0.00171654	0.199953
5.94375	0.000668388	-0.00161841	0.200024
5.96875	0.000668388	-0.00161841	0.200024
5.99375	0.000891857	-0.00144744	0.199875
